3.289970147405976064e+01 2.662810212265753762e-02 3.536886737270676040e+00
3.186476351394729534e+01 5.415725391252412813e-01 4.716648686795894108e+00
3.265164632088679753e+01 2.132459439776304144e-01 5.789866545748184379e+00
3.398605421734933429e+01 3.966136125162593729e-01 6.370488069204087722e+00
3.460380903056123714e+01 6.387539307519718434e-02 7.419278383417237777e+00
3.511946951529167649e+01 -4.797417636319263323e-01 7.950810807555056314e+00
3.541530068254127173e+01 2.032102281693570767e-01 7.974199900853227163e+00
3.582876566269403185e+01 -5.518349693308461923e-01 8.579300729732747044e+00
3.627586051087397578e+01 -2.946605751076503132e-01 8.457829414183239081e+00
3.674440370327828731e+01 -1.824020658050695687e-02 8.797508984984832026e+00
3.774325708109836341e+01 -2.676140976277974204e-01 9.382860692220553744e+00
3.805123330134844650e+01 3.893653689300906606e-01 9.876076433836747270e+00
3.834533275972066946e+01 -5.185959470693601858e-02 1.042568773785194658e+01
3.854961855359749734e+01 7.092929945807218139e-01 1.092650182108114443e+01
3.845014596208405777e+01 6.131913226841030351e-01 1.143663380559207177e+01
3.864780004258590651e+01 9.254789029365464437e-01 1.172457144151414354e+01
3.860895479915148343e+01 1.118060594425195564e+00 1.172822137792875452e+01
3.864096885424157080e+01 5.864176339040865216e-01 1.161108709758750379e+01
3.868284462367213905e+01 6.567283188272932115e-01 1.218843443563333473e+01
3.807744620606383990e+01 8.269924266054502482e-01 1.162332944433832083e+01
3.816609476733945883e+01 1.218437194492612896e+00 1.175428868318424414e+01
3.290661208958353967e+01 1.374163515361624288e+00 4.615811299201460827e+00
3.181767232947121471e+01 1.289818655520440949e+00 5.302970591404514877e+00
3.242222433069512277e+01 4.486895078921229185e-01 6.257415680535364899e+00
3.421849227606116273e+01 1.138056982450754262e+00 7.680017535771188619e+00
3.527579385653217514e+01 1.597137597459108438e+00 8.624610898800977310e+00
3.603501943401408880e+01 8.946638840064440323e-01 9.291878692914764315e+00
3.629798038437728280e+01 9.650601216044387698e-01 1.010306738514504410e+01
3.656421232960414613e+01 4.531920841512717679e-01 9.525191043380013767e+00
3.705559095772290590e+01 8.085309976757129036e-01 1.006850726742071522e+01
3.780974589792878504e+01 1.044570263207110994e+00 1.031219191543593361e+01
3.862547021803747782e+01 1.019482817119585771e+00 1.020148650677224111e+01
3.888259750838945905e+01 5.876277235073188443e-01 1.077001798553094147e+01
3.883666015434065599e+01 1.141731112523967084e+00 1.090695539555805915e+01
3.920808869181072964e+01 1.192491687424550584e+00 1.197046706410510630e+01
3.888957416924059629e+01 1.477801293853376219e+00 1.153614289443721752e+01
3.888530613503782263e+01 1.507539799908665490e+00 1.180682014077563835e+01
3.886027934444179266e+01 1.941122560958766119e+00 1.194002903696413398e+01
3.883411126122433643e+01 1.731069417342431915e+00 1.213436680830215764e+01
3.853909951016983371e+01 1.915061074107354155e+00 1.239186811206471717e+01
3.798590834045010922e+01 1.852841529875714155e+00 1.132977143112390728e+01
3.781831127808150939e+01 1.671522833998969393e+00 1.178187929641759268e+01
3.282833740661904187e+01 1.500809533383578032e+00 5.376935961232231165e+00
3.212501614432000707e+01 1.993315773989660311e+00 5.358989761179911326e+00
3.328597358619708757e+01 1.461689096736245030e+00 7.213005201469780303e+00
3.484434237681519164e+01 1.742781499723822680e+00 8.615951833876563271e+00
3.587906904761265992e+01 1.550697360274807313e+00 9.201114968854609444e+00
3.631228317626386115e+01 1.633480595274371172e+00 1.030426383531348122e+01
3.711495696220148233e+01 1.551365291269345636e+00 1.092425696427299009e+01
3.729161551232802196e+01 1.140345319153599046e+00 1.067876051886445055e+01
3.771248601680805024e+01 1.819396982861569700e+00 1.106492695363287382e+01
3.844511465787358873e+01 1.874892359270420084e+00 1.047484365385761862e+01
3.880291120904441726e+01 1.650634527679476715e+00 1.089478054608353297e+01
3.891905262925858011e+01 1.657275329819389409e+00 1.079766874133125221e+01
3.892205926610528621e+01 1.214984786799894856e+00 1.147469713670803060e+01
3.878285573332892966e+01 2.058245694304133178e+00 1.176445173755135087e+01
3.838773046786035081e+01 1.966555649947607787e+00 1.182908374083914538e+01
3.819963585258962269e+01 2.071177786526723796e+00 1.145333708451981281e+01
3.784129396108332344e+01 2.235165624681683116e+00 1.101621535820543762e+01
3.767548632844098222e+01 1.891790758538653083e+00 1.151242427794161927e+01
3.759409613451812504e+01 2.052230472300181408e+00 1.165716822348851167e+01
3.671278416438372005e+01 2.087339211067539058e+00 1.080359382378714983e+01
3.673374190602763179e+01 1.410224052228478353e+00 1.063506406831804618e+01
3.310577599886783418e+01 1.683554408365143917e+00 5.393374229182976265e+00
3.191807178990308813e+01 1.842740609224624126e+00 5.733369779953394030e+00
3.336314570711128624e+01 1.856136675207573195e+00 7.103770238930142256e+00
3.481246691831642437e+01 2.317094662647125158e+00 8.407437415460831787e+00
3.608743671056560487e+01 2.291188397770878904e+00 9.619762128411702307e+00
3.693770006947732298e+01 2.057652364829390290e+00 9.963304783046124768e+00
3.721923715791205467e+01 2.575821567253649302e+00 1.085901183692655714e+01
3.730567275984001441e+01 1.724831421576487944e+00 1.047360383585387744e+01
3.762870825831939925e+01 1.787988933118284773e+00 1.129676683046846719e+01
3.826293716085078245e+01 1.699915010955799222e+00 1.074953391944141501e+01
3.887657625134649919e+01 1.933180480711139015e+00 1.058867687800001534e+01
3.858473837533753681e+01 2.129359595684774842e+00 1.134815062601800051e+01
3.833701159470223985e+01 2.168555981190046555e+00 1.089714199900035574e+01
3.786747527524551060e+01 2.086869264205231556e+00 1.154869021538781126e+01
3.736647935343729188e+01 2.310917487527907266e+00 1.113914048774406318e+01
3.696051836309314353e+01 2.153168215410983688e+00 1.064589249201950061e+01
3.690322599529363146e+01 2.029427425483582237e+00 1.057074569656640151e+01
3.692714836383215982e+01 2.296454139068846434e+00 1.049946623574334303e+01
3.660841165680272979e+01 2.222416412723660972e+00 1.077626479809998195e+01
3.546887590933890522e+01 1.403961133662412930e+00 9.130160297553048920e+00
3.536663569273578389e+01 1.494840033268025170e+00 9.958154990555270203e+00
3.415525129234755042e+01 2.122807985814353149e+00 5.630409908418332776e+00
3.308151824450013834e+01 2.624710839471425583e+00 6.004781031592509422e+00
3.367190187483330988e+01 3.384054540497034136e+00 7.245532643501087833e+00
3.486982231967326129e+01 2.810353091372505663e+00 8.627350946200529336e+00
3.573180030594896550e+01 3.439279302829773233e+00 9.235224494596002032e+00
3.653282369252632122e+01 3.065152627277197173e+00 9.997123685323311193e+00
3.683014982113542146e+01 3.005388510296338023e+00 1.032897059263759765e+01
3.732972991548003705e+01 2.696260522248199454e+00 1.123268506083734231e+01
3.786603624450525984e+01 2.185785212889163720e+00 1.128208171989949626e+01
3.855082011623862570e+01 2.816501131073219977e+00 1.098817241429227032e+01
3.909964575350723237e+01 2.623245722658729573e+00 1.127003836927406866e+01
3.859991184926777663e+01 2.793150790223278168e+00 1.126291466299547217e+01
3.810967684202174866e+01 2.840259714796462998e+00 1.171293735803650193e+01
3.760360350504062410e+01 2.582122097593808174e+00 1.142897907897180687e+01
3.686537808444824549e+01 2.610188993475930364e+00 1.122330555615371672e+01
3.652922103083301408e+01 2.538116081595838569e+00 1.085017161151204235e+01
3.628559744370546269e+01 2.417853094637689271e+00 1.055528960733642307e+01
3.601663826405646773e+01 1.975209572900479049e+00 1.008440775171787784e+01
3.584244763266760714e+01 2.143616484784029108e+00 9.850683334334755514e+00
3.501837519775124719e+01 1.288459604437802941e+00 8.380836856633495202e+00
3.494923757071846637e+01 1.388955876599419437e+00 8.255831656005574004e+00
3.521035146310526898e+01 2.216591373069993320e+00 6.623662381908689056e+00
3.417787205301564057e+01 3.184741130658549135e+00 6.621000590510377037e+00
3.435626913195859800e+01 3.177580995200642189e+00 7.441525641558570214e+00
3.541103086563813207e+01 3.507102295802803749e+00 8.884610823838954730e+00
3.599493064514537366e+01 3.513028321973681312e+00 9.339388082858524953e+00
3.657478926926199847e+01 3.333782980382052674e+00 1.042739231987200732e+01
3.678918534943985463e+01 3.279420795272092182e+00 1.077999061958155202e+01
3.725743038433211041e+01 2.997676800847321577e+00 1.084973007931174038e+01
3.772322337552294158e+01 2.703103054963375218e+00 1.167987988230797036e+01
3.819555559822512691e+01 2.805438020397111654e+00 1.088097225644531996e+01
3.820324368195835518e+01 3.005557822073639418e+00 1.109034451772579644e+01
3.745607475320051094e+01 2.621239757462840547e+00 1.117378220265681144e+01
3.687844098816918148e+01 2.356536096791088664e+00 1.066441002730715937e+01
3.593507218026094563e+01 2.254869417193442249e+00 9.832769146988683318e+00
3.535403604612732664e+01 2.353719278635273415e+00 8.995838597439332673e+00
3.505472115930297150e+01 1.757994935347026999e+00 8.934218687872869324e+00
3.448537163110194115e+01 1.960267061898628871e+00 8.170595701456379700e+00
3.440673600378226382e+01 1.196072596405715949e+00 7.956247464049118534e+00
3.404661501022884096e+01 1.192689298402668463e+00 7.499640679396890164e+00
3.325327240013278640e+01 5.323565816672721773e-01 5.394910459009119919e+00
3.336242896846455608e+01 1.343203451029939544e-01 5.500564753661885575e+00
3.733316557581826345e+01 2.263423691192842480e+00 7.280091127043515797e+00
3.652135747391613307e+01 3.123890015318173230e+00 7.697530576219239862e+00
3.624712444500889319e+01 3.723448706434019595e+00 7.882118204098699010e+00
3.653820648526856019e+01 3.881214210110234486e+00 8.921398171637797248e+00
3.712995948701293969e+01 4.272745124147585116e+00 1.030106828048835688e+01
3.739341554126959011e+01 3.437133619313546884e+00 1.018151303667393925e+01
3.779151437571209726e+01 3.690283921202604400e+00 1.057322322009001603e+01
3.830097215459824866e+01 2.971280272038184567e+00 1.128900665063214959e+01
3.881139599807990948e+01 2.992054310695617669e+00 1.199739104845344251e+01
3.865273356835449903e+01 2.938395184788257897e+00 1.151129003501753445e+01
3.774009493196893317e+01 2.409854472790718294e+00 1.079978004523665014e+01
3.692310197908017244e+01 2.777489176353707290e+00 9.760772172341821928e+00
3.638003286921703250e+01 2.254085366296588067e+00 9.247933246019709230e+00
3.539832894529421736e+01 1.837549364974405020e+00 8.017447060937161751e+00
3.492393117328744268e+01 1.647427143469709865e+00 7.566534604976563827e+00
3.449312897625087260e+01 1.429580335329589946e+00 6.123385635619968070e+00
3.422083188902774253e+01 9.224449760400048604e-01 6.347748242597601731e+00
3.412264292703163449e+01 1.304618342721437063e+00 5.509054588660347918e+00
3.367823676496914231e+01 4.707456962921350296e-01 5.596295342494505221e+00
3.286064981829726861e+01 1.081794120688491123e+00 3.653610729908667754e+00
3.261901097458468257e+01 2.141260073988160428e-01 3.674234288311251095e+00
4.160325623439207021e+01 -1.445505946350922333e+00 5.854758657554386403e+00
4.064303518324668829e+01 -7.233548814020525075e-01 5.576107038452954967e+00
4.019200957323114665e+01 3.753314417328503794e-01 6.644989085548251850e+00
4.020191058191842615e+01 1.202240851165246038e+00 7.717869078763886392e+00
4.024744589656216931e+01 1.880650277309463103e+00 8.471849631159800609e+00
4.016062047891511355e+01 2.275254260736046863e+00 9.157881851597830192e+00
3.975424372617075619e+01 1.986302647937837396e+00 9.230581716166941675e+00
3.880718616394629095e+01 1.766289323942450640e+00 8.683593722515809077e+00
3.886956568178626270e+01 2.413308963108803606e+00 8.593002895161621524e+00
3.789813346484561407e+01 2.779482301107286002e+00 7.822973425825008320e+00
3.635589640180069892e+01 2.447292227843438805e+00 5.314369597759364794e+00
3.526189628839532020e+01 2.197996373834918860e+00 3.809629272198114425e+00
3.444865520258876757e+01 1.821046766435344022e+00 2.450810092798482831e+00
3.382543890381472806e+01 1.549028570970909069e+00 1.040178442116421298e+00
3.345627965897488565e+01 1.582538366387631346e+00 8.553597986602317071e-01
3.308926387831051841e+01 1.843321460888673879e+00 4.667353575006525368e-01
3.311166794998859331e+01 2.309277671105121943e+00 6.193239219703672305e-02
3.333263310244522870e+01 2.234180564962873650e+00 4.615191442055430748e-01
3.320914877870239224e+01 2.433179454800346253e+00 -1.070587896310617460e-01
3.415803335522382866e+01 3.586380524273840020e+00 -4.063555281253030671e-01
3.466198475412399205e+01 3.838569580161895534e+00 -5.711709358387730973e-01
4.178738581131333518e+01 -4.178352622127821547e+00 -2.711230413598396005e+00
3.981893427903795413e+01 -3.888747749982932156e+00 -1.473471287937320184e+00
3.936445468164086492e+01 -2.527844314118379287e+00 -1.439307608782234738e+00
3.968119671141407423e+01 -1.408828233887231107e+00 -1.855812154608895703e-01
4.024662599111374561e+01 -4.948362703378879068e-01 1.524824866847783955e+00
3.973068019217397051e+01 5.645269129196615054e-01 1.283358984436739458e+00
3.891304243797586793e+01 1.129764701276143590e+00 2.102235974061068102e+00
3.679585537111997695e+01 1.120492295577156128e+00 1.560727144218329254e+00
3.650419416619327251e+01 1.754524240166645210e+00 1.459893041762664989e+00
3.498715593953185987e+01 2.451720344359596293e+00 -4.550076127553071004e-01
3.484215168050342726e+01 1.915984647402460883e+00 -7.997866443749170884e-01
3.581888445712887403e+01 3.190336812600993444e+00 -1.751465831475461865e+00
3.720000074590143413e+01 4.428241597810369967e+00 -1.653646218027022829e+00
3.815723873193606863e+01 5.050646498508051252e+00 -1.986709118326838386e+00
3.860315511723488413e+01 5.385816924368743486e+00 -1.512073015842111623e+00
3.937540227417678551e+01 6.061956538109889436e+00 -1.330486967506429696e+00
3.895318918233844840e+01 5.544587986743541919e+00 -1.566496124991352712e+00
3.940976442972234395e+01 6.071691267690033200e+00 -1.300955752664088916e+00
3.919114468578327148e+01 5.814119494464865312e+00 -1.432064115620823141e+00
4.061449489802831891e+01 6.213951090670329691e+00 -2.966642443885918468e-01
4.063106693750818010e+01 6.747966303910040153e+00 -4.931961694548276931e-01
4.304627117817702242e+01 -3.618551382252368498e+00 -9.225283256033764090e+00
4.089764672355217812e+01 -1.804893094122052011e+00 -6.687078077998481973e+00
4.037687885789739539e+01 1.616705924110464210e-01 -4.971586353591176177e+00
4.062948022547528382e+01 1.133702834609249699e+00 -3.818712948677015717e+00
4.021162540742940195e+01 2.064392472249525046e+00 -2.811520896491544796e+00
3.912348927893583550e+01 2.069798396087916270e+00 -2.653268751089653321e+00
3.799633914979960991e+01 2.336963623096034670e+00 -3.041370857651730653e+00
3.862342783387164502e+01 2.174576689826480003e+00 -1.668967471495421240e+00
4.513373997682265326e+01 4.157027228834408561e+00 3.476006269460496512e-02
4.625273798411826220e+01 5.708981965914436074e+00 1.395712180241639455e+00
4.438659179613195960e+01 5.405943764101698079e+00 1.612496742932985061e+00
4.251667470621159595e+01 5.090467454409452586e+00 1.166686888106703623e+00
4.111503017273720673e+01 4.357334504493612926e+00 1.411434101287936560e+00
3.959405527699490079e+01 4.341636526303187082e+00 6.710078415759865855e-01
3.899955793773926160e+01 3.646898826613650169e+00 1.111255482527911287e+00
3.791094706566636319e+01 3.696106645691713322e+00 6.133438809627222987e-01
3.760190750570129836e+01 3.333758510953024778e+00 1.039169667226000460e+00
3.766820948167882221e+01 3.520996119918989198e+00 1.099768956659253671e+00
3.699181520942730828e+01 3.451338731086128764e+00 8.101555179267196927e-01
3.573784863108422627e+01 2.503876092745459747e+00 1.034969481023008786e+00
3.622097190511605191e+01 2.874251063588689536e+00 8.221175125022379682e-01
3.509157494521520704e+01 -1.864964509948169979e+00 -2.736211554559475623e-01
3.276567279468643790e+01 -1.759886918059885730e+00 -6.081521363499606814e-01
3.214093889616948729e+01 -1.346883742660948569e+00 -4.398806099924708057e-01
3.180992966022719770e+01 -1.630464694443509277e+00 -3.869152406832405688e-01
3.146519265780591468e+01 -1.343756169919597010e+00 -3.583727233764468778e-01
3.127023900989966876e+01 -1.110849229964123941e+00 -6.868887800103737895e-01
3.120505257268225563e+01 -1.209952877703951213e+00 -2.403268067622983395e-01
3.099772152048895180e+01 -6.407654388088608322e-01 -2.596041520127840840e-01
3.121046150120599805e+01 -1.153107951167685830e+00 1.992031045579256698e-02
3.124648763220446313e+01 -8.971565170638524656e-01 6.343049441259429599e-02
3.121802759147525563e+01 -1.057501005397102567e+00 -5.543890946922580554e-02
3.110283140450670203e+01 -5.843484363569628748e-01 1.239713278855170131e-01
3.121516485198270630e+01 -1.170619207541518492e+00 5.163425368266412185e-01
3.115546684638418640e+01 -8.548738620411908684e-01 3.207760638972589895e-01
3.110086556917591594e+01 -6.198783670701590864e-01 3.016148934958287064e-01
3.099980809021072758e+01 -1.009137448876577192e+00 4.229324981723183718e-01
3.082418684419619126e+01 -1.037182498815677034e+00 5.729894276262128550e-01
3.081018155596346730e+01 -8.031691260840285729e-01 6.413238354383028472e-01
3.068775876291915949e+01 -9.095234414350659158e-01 6.331947023130406471e-01
3.080534778746019242e+01 -7.637287153014735708e-01 6.378756909489422533e-01
3.071683906206876458e+01 -9.323545862252162753e-01 1.285711571413835852e+00
3.274121831176753261e+01 -1.287835276793149353e+00 -3.012987848633561505e-01
3.207269022779052392e+01 -1.414100308818838192e+00 -1.421015783999837190e-01
3.180250850732561929e+01 -1.166735184034414896e+00 4.391647511384104696e-01
3.157969622243867036e+01 -1.130710854812064348e+00 1.137370259051486698e-01
3.155299456224754096e+01 -1.307606511481616440e+00 4.939606859500549341e-01
3.135637933711534231e+01 -1.258893315183953199e+00 3.765247703685044023e-01
3.132647647206849228e+01 -1.261051287651226982e+00 5.604430615529873982e-01
3.134569667476272770e+01 -1.229602025572577917e+00 1.075163819206765847e+00
3.130980133808535726e+01 -1.381276565707318493e+00 9.789233887502395426e-01
3.127815950915068299e+01 -1.166413093250934008e+00 9.892831009883660265e-01
3.135146559951710543e+01 -1.065670460041761469e+00 1.352764494892046532e+00
3.147110117201480506e+01 -1.270524695548748362e+00 1.255122093696195318e+00
3.131724571340213714e+01 -1.355742971430355048e+00 1.198243295264673325e+00
3.132327939074649947e+01 -1.152942900256917147e+00 1.052875004207394216e+00
3.114578993173100940e+01 -9.818352923184971992e-01 1.460651581669613730e+00
3.116676235869294231e+01 -1.062645738209413215e+00 1.317489773077666459e+00
3.110387990237707356e+01 -1.055402246437172842e+00 1.312432758832854152e+00
3.109631762677016553e+01 -1.066683979996426945e+00 1.603086758733609951e+00
3.093426432921952340e+01 -1.153412305939437221e+00 9.391797447864163040e-01
3.092314246806843414e+01 -1.245842108959469119e+00 1.555402974738869570e+00
3.086524007064532071e+01 -8.457345409354284360e-01 1.359658692944310854e+00
2.977362516039164575e+01 1.409253730626419898e+00 3.508186164987634914e+00
3.213814043624140027e+01 1.701594997426264744e+00 6.741683543409521917e+00
3.448486711395659654e+01 1.545067844653017719e+00 9.101663476862015045e+00
3.567716457668233687e+01 1.373307270785088630e+00 9.671115348059650785e+00
3.648494371123560853e+01 1.359016651754631599e+00 1.013016265674630034e+01
3.673365385556083851e+01 9.979926602819890746e-01 1.004645926646941057e+01
3.670807247158725772e+01 5.112043311536900170e-01 1.001841539821675653e+01
3.700184943325901088e+01 1.105617999983274480e+00 1.072519008580880140e+01
3.758018101158133106e+01 8.923565804885926767e-01 1.126716433166867937e+01
3.851443352508471918e+01 1.353906905752234824e+00 1.215580380430800211e+01
3.930359181989439321e+01 1.428683339624086113e+00 1.298561994400937536e+01
4.024491731349586843e+01 1.119475397147217777e+00 1.372186897999983657e+01
4.148993364973926390e+01 1.343628637795913683e+00 1.419421693453341504e+01
4.225937341846791639e+01 1.135745931856972035e+00 1.464342868799928610e+01
4.304035172422521072e+01 6.444793179833099295e-01 1.477864059407957953e+01
4.318279184010422966e+01 7.993606050235571026e-01 1.497424508597293524e+01
4.357488024618982791e+01 5.802347996780437001e-01 1.472387719950699392e+01
4.378888088721183891e+01 2.310348485797959484e-01 1.483508231184940840e+01
4.367553964706186065e+01 3.719596565537131028e-02 1.422130944583854983e+01
4.423957922427521083e+01 -3.623988026592437350e-01 1.418060422736918724e+01
3.046786529497746443e+01 7.465220215142136517e-01 1.247432052874690722e+00
3.241324959539949901e+01 2.097734911213312348e+00 4.732906563630294272e+00
3.416949640073947592e+01 2.665076733160114397e+00 7.780438248389636158e+00
3.622154757574556072e+01 2.715145428078180156e+00 9.683205117504719794e+00
3.735660585652502164e+01 2.648684404276953952e+00 1.039893659158955685e+01
3.773603298348871959e+01 2.060201451440629494e+00 1.130140714209620256e+01
3.784264558291135216e+01 2.196422604880711393e+00 1.130617645438336361e+01
3.772693088004713502e+01 1.941097643596595201e+00 1.135049811197581349e+01
3.779432531325956290e+01 1.830752631100389660e+00 1.140844016777733394e+01
3.821648904229217436e+01 1.598788893193272553e+00 1.223141519400492250e+01
3.913297922778068738e+01 2.022482194705524261e+00 1.268042593852543476e+01
3.989406324979488971e+01 2.217769636987692028e+00 1.335306234651993051e+01
4.049295289870923398e+01 2.642055021068665521e+00 1.334832247288332496e+01
4.187315337514544211e+01 2.278270857852299880e+00 1.415601102923502452e+01
4.235629964938540581e+01 1.980717553832161304e+00 1.476730510764645388e+01
4.305649569576574009e+01 1.547248124013140380e+00 1.448106976098619825e+01
4.312449381834915130e+01 1.596296844842014284e+00 1.484026227099622020e+01
4.341507768533953282e+01 1.223754792816411641e+00 1.488647014725495410e+01
4.342858302438141749e+01 1.485223473013170814e+00 1.474771028314331645e+01
4.348633910083641751e+01 8.262930689772858273e-01 1.397851155889414443e+01
4.384202744907642568e+01 5.906206719957771689e-01 1.391496894115504546e+01
3.349711052562410174e+01 1.771651259358014041e+00 2.460013010935831357e+00
3.509081299696894973e+01 3.089468574701034864e+00 5.800446899831024794e+00
3.646878408655054216e+01 3.371579505138153632e+00 8.431011333400762808e+00
3.812941817833900160e+01 3.236606439766089860e+00 1.037120423003396041e+01
3.883506059755392670e+01 3.296076208702922283e+00 1.113313335879251653e+01
3.884258929392373716e+01 3.009914265984672266e+00 1.118050734004782854e+01
3.845973197075915806e+01 2.595098543940089098e+00 1.182341594782591976e+01
3.831792451131882160e+01 2.370596864049235197e+00 1.134018261492629520e+01
3.844095719032316794e+01 2.142514865567608506e+00 1.174528242460123373e+01
3.880004678531377493e+01 1.995378753064165789e+00 1.241689456105218525e+01
3.952150828933504556e+01 2.438934196735266458e+00 1.222950376433053954e+01
4.018270238711644993e+01 3.179300392279329035e+00 1.334261434027382620e+01
4.104499286936066227e+01 3.051389213850521198e+00 1.366809392423050440e+01
4.248816039528159649e+01 2.982345596940682686e+00 1.442857826378161334e+01
4.301142144381985588e+01 2.933503932262687908e+00 1.461070705073075970e+01
4.369227871472495650e+01 2.493167556392435369e+00 1.484574918684760192e+01
4.360444931879716535e+01 2.637959545917417881e+00 1.458433930211046459e+01
4.377179156426794293e+01 2.277117506181159268e+00 1.460870684437369960e+01
4.387157275573277104e+01 2.286805855913298213e+00 1.466382582375021215e+01
4.396721313166617762e+01 1.207836548345821104e+00 1.381749953299080147e+01
4.435669545879090947e+01 1.310737082095979389e+00 1.423682775646630461e+01
3.700847358725236091e+01 2.656259527733261461e+00 4.429837808275872035e+00
3.769107916543385528e+01 3.521041001914364532e+00 6.090929094527826493e+00
3.921376729679229811e+01 4.177280411130782412e+00 8.803340730911822121e+00
4.041803148005569568e+01 3.924878091413772641e+00 1.020519097725557245e+01
4.053505479999258654e+01 3.845903955261898322e+00 1.130377994306604883e+01
4.028902802823077423e+01 3.815846501347559983e+00 1.144775848782931149e+01
3.988662103226608480e+01 4.147086337571630921e+00 1.173051789661092315e+01
3.896646358472099791e+01 3.233721061814705866e+00 1.182297296577442225e+01
3.892282837993906242e+01 3.345323822972921857e+00 1.165392677138562938e+01
3.905094929351893995e+01 3.105800007042543331e+00 1.235884036199967184e+01
3.953575418099084970e+01 3.648443522553149077e+00 1.232067756623395027e+01
4.012996089973005098e+01 3.536016005551756880e+00 1.273181291837168772e+01
4.074980451920106361e+01 3.456437351329079366e+00 1.312825784351213443e+01
4.193722954878267473e+01 3.876200023617235590e+00 1.404690982324495607e+01
4.214771615142432637e+01 3.497867018988624732e+00 1.417062219597222850e+01
4.293288099547370251e+01 3.091598187494037031e+00 1.424981366078375444e+01
4.304394892044143717e+01 2.940930571171858521e+00 1.409204160314794052e+01
4.308372100034892327e+01 3.059881695994921547e+00 1.426399772294750434e+01
4.303368068937670898e+01 2.822083948090123418e+00 1.376826147843542358e+01
4.293133111234965327e+01 1.765928254276091902e+00 1.339585081998362526e+01
4.369955684841306720e+01 1.945421301953945470e+00 1.355205728945215782e+01
3.950394149453423154e+01 2.928461672268181548e+00 5.207799972727853444e+00
4.020624106918818796e+01 3.980466805546576392e+00 6.654824137048212407e+00
4.148770013949869195e+01 4.891524042315664289e+00 8.524467409522799244e+00
4.183704047511002244e+01 4.401427844768114994e+00 9.937384073534509810e+00
4.105240665393442612e+01 4.439749326515766370e+00 1.044843870918536410e+01
4.068729732362951523e+01 4.526752321282382141e+00 1.116176859447038439e+01
4.011158286565902387e+01 4.748510045584120931e+00 1.107997226065083041e+01
3.929290425159903322e+01 4.504651931592972502e+00 1.107363959342489323e+01
3.931083654383427728e+01 4.058420684915395427e+00 1.154666397460434446e+01
3.938892064086532230e+01 4.169635635767608761e+00 1.196736668603702114e+01
3.969029161068819178e+01 3.835682736606392584e+00 1.143853146354282657e+01
4.030611071579222937e+01 4.366117661125359817e+00 1.204219572566962171e+01
4.103848915179447232e+01 4.369056007118246043e+00 1.242414010016733172e+01
4.202264240104032211e+01 3.893901276367305986e+00 1.318792761989776707e+01
4.223888725253709708e+01 4.235750285638962609e+00 1.327125079670465269e+01
4.265947636657143249e+01 3.676888488569910240e+00 1.325843158067210226e+01
4.290266802880822183e+01 3.465907090396516121e+00 1.386052264111050292e+01
4.247149320323258337e+01 3.303221229302877315e+00 1.279761452104516906e+01
4.195021553363106648e+01 3.094937761325423420e+00 1.254439865809975174e+01
4.202894265455045542e+01 2.585365713450824554e+00 1.202035822459118286e+01
4.278919404471790244e+01 2.769609277816826864e+00 1.243556702875013542e+01
4.125405227649721951e+01 3.374506536571933335e+00 5.436378621909462083e+00
4.187086891007646017e+01 4.362258126515722978e+00 6.806209555258107002e+00
4.246621768052208523e+01 5.339817374346143453e+00 7.853916042404533115e+00
4.274297275893006542e+01 5.594229807627371542e+00 9.284961657796355183e+00
4.189919449468607127e+01 5.570187435485975058e+00 1.005036321095456309e+01
4.099843613147029942e+01 5.259876314167133415e+00 1.065187169746923423e+01
4.080821894729464105e+01 5.298096293885937058e+00 1.093071099138346369e+01
3.992191388032154009e+01 5.038965838881837911e+00 1.125222146000434087e+01
3.959587494081522152e+01 4.903480301146116105e+00 1.145652025681566855e+01
3.909810927673608916e+01 4.761240222277869805e+00 1.064342079663881080e+01
3.922017676731325508e+01 4.780246827698197976e+00 1.084575247496198536e+01
3.946143030398533114e+01 4.764407075530577629e+00 1.079920439632728169e+01
3.982865696752589457e+01 4.714090950017851611e+00 1.118487710172612282e+01
4.057796242848259283e+01 5.086625266808672663e+00 1.150709591401863108e+01
4.096512572650554773e+01 4.583610141006259298e+00 1.147826450339509030e+01
4.157919285967908962e+01 4.181848978318921439e+00 1.172592436309388830e+01
4.163240238565810358e+01 4.178245126971418699e+00 1.125963682712907143e+01
4.124910295245929603e+01 3.623225425425445234e+00 1.127159205761765293e+01
4.107878882383538155e+01 3.539273260764745910e+00 1.117127044745849673e+01
4.047649294408811471e+01 3.449997139311588246e+00 9.596259039028574023e+00
4.112030807127875676e+01 3.371841744192562995e+00 1.071177292515630342e+01
4.245225689658425949e+01 3.146066152851654696e+00 6.041326159940197726e+00
4.287658735421647549e+01 4.975243018567184095e+00 6.569289999336833219e+00
4.300856282545296949e+01 5.755762797313435541e+00 7.598699980886379990e+00
4.268233297758175837e+01 5.761869432208138520e+00 8.206864634444942297e+00
4.173555914138562883e+01 5.717800408466343853e+00 9.010932653145848903e+00
4.086873955017323823e+01 5.488788609330439883e+00 9.738233666297951174e+00
4.055693492433203318e+01 5.889272346134378111e+00 9.851291179284176636e+00
3.974325456666115741e+01 5.615759144796392377e+00 9.730057416262209102e+00
3.952711429732083559e+01 5.797346901354947235e+00 1.007402283410791810e+01
3.879171272016858296e+01 5.437998693304962217e+00 9.690172928298958155e+00
3.828751447968404165e+01 5.111050095992723641e+00 9.007304261172047077e+00
3.804207159475565447e+01 5.521629956454967569e+00 9.006349979306802922e+00
3.829814948983046463e+01 5.148527412039621609e+00 9.306468547962767346e+00
3.845315564423916044e+01 4.804175778267698149e+00 8.989990054447680734e+00
3.855563761755675500e+01 4.877536681091795501e+00 8.849479480402033360e+00
3.876483401894026315e+01 4.429445308373299639e+00 8.645367856369363224e+00
3.874177317869177273e+01 4.452682810631035437e+00 8.295114342684117403e+00
3.775139674220885411e+01 3.971780882316788830e+00 7.010673669923633611e+00
3.740265202918820364e+01 3.862956174212060834e+00 6.625449669265782049e+00
3.792289021512455349e+01 3.230195497762488710e+00 6.024017676865042858e+00
3.839217866205665786e+01 3.200154515379377340e+00 6.731615351299554462e+00
4.522202899645748175e+01 3.274288924511159049e+00 5.600430908325362722e+00
4.338113345847644808e+01 5.188978770795284134e+00 5.792112442573827735e+00
4.286762293822759062e+01 6.501062314709685097e+00 6.250929604496645808e+00
4.241998419654409247e+01 6.404717036932234819e+00 7.063343963714393325e+00
4.107141775925558136e+01 6.403914885936933032e+00 7.641746708859438186e+00
4.048567923001714064e+01 6.466240160373933676e+00 7.808774932768935528e+00
3.997543081494470840e+01 6.260603514261770641e+00 8.543882958898503688e+00
3.951181354555411218e+01 6.538862140043368854e+00 8.546469569152007395e+00
3.880812988719087997e+01 5.757783457343135680e+00 8.688882831340402291e+00
3.697525412251089705e+01 5.104996101818098708e+00 7.152798026984577007e+00
3.589383964321947218e+01 4.565005708758686609e+00 5.629703164179929331e+00
3.554170681151988020e+01 3.784370211550510010e+00 5.228495825881202208e+00
3.555351578403799095e+01 3.602596556812650785e+00 4.175493458048382678e+00
3.536702691730545922e+01 2.465765631814930803e+00 2.877415622804204265e+00
3.523272133196923050e+01 2.188855245179896603e+00 1.947657370247861675e+00
3.486157457472439347e+01 1.968800115628711378e+00 1.087408218132879245e+00
3.468849286451325753e+01 1.560582637815530749e+00 9.912672322293762939e-01
3.441399408503919233e+01 1.854698424135058143e+00 6.168563360406200680e-01
3.434905874020893179e+01 1.828195851289025509e+00 6.091594718272363984e-01
3.401124989135405485e+01 2.056505511183043478e+00 -7.828225261482812947e-01
3.460651969247712145e+01 1.289564075868221416e+00 -1.809189409116989111e-01
4.581614630632612517e+01 3.215721230729954971e+00 6.170437074661629495e+00
4.466680719766485907e+01 5.172649272852041236e+00 5.183340225539659230e+00
4.341709543704065766e+01 6.188376974236504680e+00 4.644992801909944902e+00
4.194828086536444545e+01 6.079789608000254475e+00 4.958134294652509766e+00
4.054998596553095780e+01 5.995270958585861010e+00 5.278242279398028813e+00
3.968909273673985183e+01 5.802156364363744601e+00 5.706202020985609025e+00
3.908670452383952920e+01 5.497840775614301734e+00 5.927281239508939592e+00
3.834856043725513075e+01 5.278920444354229247e+00 5.952772287262972029e+00
3.721848776339334108e+01 4.886551423026689989e+00 5.194892132307078469e+00
3.497235235276249199e+01 3.289864682128235795e+00 2.957456558887929798e+00
3.460865213244404259e+01 1.806761763361135475e+00 5.629251158157555501e-01
3.439745408029362750e+01 7.687139971883070189e-01 -5.264812872437349967e-01
3.446247385135513497e+01 -3.029689177155248103e-02 -2.355422516965768764e+00
3.384771592721843092e+01 -9.531580999635269613e-01 -3.015424617383719585e+00
3.307337785139096553e+01 -8.018780439086738987e-01 -3.936835528641341675e+00
3.276300585042295666e+01 -2.019086525352737915e-01 -4.482775015105844751e+00
3.272634572802574837e+01 -3.924991365473351479e-01 -4.193950577341620800e+00
3.271941950303414615e+01 -4.862378250984460415e-01 -4.170637612413058193e+00
3.253507116424248835e+01 3.879401293955497820e-01 -4.346039627059750110e+00
3.273767190429305174e+01 -1.196602787176410665e-01 -4.672603048827486560e+00
3.356780566765050366e+01 -5.322685655602565902e-01 -4.053823326528244841e+00
4.907755420611641739e+01 -4.845348290141782144e-02 3.124968550792954769e+00
4.776338551868779803e+01 1.489855095146274788e+00 1.976576112716764033e+00
4.532236039122710025e+01 2.861927622127143689e+00 1.668410671764527731e+00
4.241985309965278361e+01 3.867630469069135213e+00 1.486212004814235765e+00
3.947823391660097059e+01 3.490953175376784845e+00 1.519987079331048374e+00
3.850604192722715169e+01 3.500776849894886578e+00 1.762737582243293577e+00
3.810865959783038193e+01 3.782752494346069749e+00 1.564932484626551545e+00
3.680293046584178285e+01 3.592401776299773086e+00 6.333153364665649043e-01
3.541933149355415367e+01 2.593785315762219046e+00 -1.290103761366943047e+00
3.408541617710991289e+01 1.851116817425710881e+00 -4.070425601616090461e+00
3.425189245496395785e+01 1.004368739977258507e+00 -5.647863920870923593e+00
3.355455432580082231e+01 -2.780921932589621726e-01 -6.296115270473128689e+00
3.337968908935932433e+01 -1.292235051043393312e-01 -6.256906975203925469e+00
3.326594525119067214e+01 6.408596798843659847e-01 -5.711476820055469084e+00
3.422762564280287023e+01 7.704833384736082813e-01 -5.376831731419219551e+00
3.510861787629423247e+01 1.473822054432714967e+00 -5.008911470474672001e+00
3.600421126511810144e+01 2.827866009175823425e+00 -5.250879646014616320e+00
3.679720435693010927e+01 3.654285495861642641e+00 -4.340130462562640901e+00
3.722552453427311292e+01 3.593371213654653840e+00 -4.465381012721435283e+00
3.932965981926250976e+01 4.927014759925853582e+00 -2.940229753265957147e+00
3.934532015957084639e+01 4.933674591006516508e+00 -3.563140482383061691e+00
4.746033422333191965e+01 -3.000456644788282112e+00 -6.672780346638978344e+00
4.718020504645626545e+01 -2.311287620930045694e+00 -6.820740737803836495e+00
4.660142593851352188e+01 -4.280936942640365395e-01 -6.319360476813624672e+00
4.225696221892157212e+01 8.431204365799556122e-01 -5.723665765374777337e+00
3.835611835815959125e+01 1.064590013911712596e+00 -5.688924635274242192e+00
3.661657383498101126e+01 1.342812976376891676e+00 -6.120716929901734105e+00
3.613578388706891076e+01 2.047298407879568405e+00 -6.990669835749926619e+00
3.542049343698160158e+01 1.591728130067976199e+00 -7.846793969252416900e+00
3.605782757716139031e+01 1.573868799880385527e+00 -7.087274065562276348e+00
3.795293723619459314e+01 1.835508163326982523e+00 -6.149640877990217191e+00
4.315969037979290590e+01 5.519375201890154514e+00 -2.310774339361841623e+00
4.531451280246201208e+01 6.580688235022005728e+00 -2.050669289525730576e+00
4.712741305569944927e+01 7.330374104482299202e+00 -8.147277642167209954e-01
4.868681302724628779e+01 8.247643918703404964e+00 -2.167874093679555969e-01
4.896681239259848439e+01 8.398276644157791182e+00 -5.132447008161413748e-01
4.919614461687525875e+01 8.232554390188116855e+00 2.725230503695388329e-01
4.925692284990535086e+01 8.560941877955812629e+00 3.653769123158387977e-01
4.880778464714958886e+01 8.395565233207690881e+00 -1.711782832962058798e-01
4.917387248219500862e+01 9.034045321870699752e+00 8.224203781637702271e-01
4.892633637585409190e+01 8.751673282660719977e+00 1.749311662379792853e+00
4.902206228338457095e+01 8.390168692051968691e+00 1.635487796114769576e+00
5.047080360399500876e+01 -1.162012902784991031e+00 -1.011123519387005310e+01
5.149195775942860109e+01 1.038600172400519828e+00 -7.222344130842813570e+00
5.298449814097885735e+01 2.025102614767386289e+00 -3.664198841224335368e+00
5.307568240957323269e+01 2.072694762903761312e+00 -1.534691565675538882e-02
5.728463275804786292e+01 1.743685117130409079e+00 3.835978531443098749e+00
5.507249252386603189e+01 4.010801311989750317e+00 3.164019085367869355e+00
5.326603154024537901e+01 6.531105335473322171e+00 3.149483440122525568e+00
5.097728678602442187e+01 7.573870032690754428e+00 3.395097091300208536e+00
4.927898428204633774e+01 8.016581867623411739e+00 4.054810757414395894e+00
4.567558077601459132e+01 6.959035650451765420e+00 2.699450073363335978e+00
4.373480802752236940e+01 6.073361593716482432e+00 3.097411795436749049e+00
4.107371518124808318e+01 4.888744188788116674e+00 2.124277701923988015e+00
3.964761418768361523e+01 3.754804881495800384e+00 1.903134987802637124e+00
3.820783398183731094e+01 3.100171465642561852e+00 1.630334778770465842e+00
3.801068203681403190e+01 2.799281663531953068e+00 1.615160018416796017e+00
3.712668198180162449e+01 2.710117392870292630e+00 1.264508067190492913e+00
3.665953575295905154e+01 2.304536378227599602e+00 1.239003352298518212e+00
3.624562490259663150e+01 1.872156999652537568e+00 1.207955297846442289e+00
3.615386251550901875e+01 1.912079478002189692e+00 1.619944075874572231e+00
3.536544388707745412e+01 1.322190886024786405e+00 1.161204341447891419e+00
3.581717854290361203e+01 1.605120776845289310e+00 1.374965729339030940e+00
3.258914069337930641e+01 -1.016203669083894257e+00 -1.072368999946297308e+00
3.840724231554999335e+01 2.340621682408163817e+00 1.836701850610276576e+00
4.437136092683999067e+01 5.046637775311966223e+00 9.399917895718159500e+00
4.507790585877524592e+01 5.847591694161577536e+00 1.053576653145214692e+01
4.514599287714433729e+01 6.287321748458365889e+00 1.114797518099538998e+01
4.524061319439574902e+01 6.292079044084825767e+00 1.164093767387668876e+01
4.490171487695151598e+01 6.607499348185825738e+00 1.125966123910528793e+01
4.603626766891517264e+01 6.508561476631973264e+00 1.198938000571536655e+01
4.784460401125169682e+01 6.594893665915586567e+00 1.321481651449920136e+01
5.485640134086749242e+01 4.560682935958325857e+00 1.649327821838879160e+01
5.807856759624046106e+01 2.580178467516524687e+00 1.591474054203336763e+01
5.986761484921349563e+01 8.532103191439794898e-01 1.616244680833820624e+01
6.016511123222439039e+01 9.268088382488670618e-02 1.526424910970325755e+01
5.948604528831556593e+01 -1.765725514618144310e+00 1.426671264092147240e+01
5.946448255799418803e+01 -1.779307979088559977e+00 1.362389452291944636e+01
5.909348079706316526e+01 -2.511006359726410064e+00 1.348544619942694567e+01
5.934570473453791806e+01 -2.904694632646183106e+00 1.347796911677923859e+01
5.938706842228930327e+01 -2.826533927198287888e+00 1.308833284015659615e+01
5.933798198883728503e+01 -2.486000802735048421e+00 1.370507330104249277e+01
5.872408464702324693e+01 -3.859471590708839273e+00 1.248661395544630182e+01
5.856375966162572411e+01 -3.379472097304991873e+00 1.281373559731411049e+01
3.886985859362489748e+01 8.683128635313019927e-02 -2.254773822396960448e-01
4.476195442413038705e+01 4.296899308818426633e+00 3.787242943473124956e+00
4.602358718311570840e+01 5.560125959331594814e+00 8.362406632590733579e+00
4.571021477376424258e+01 6.847563728757851464e+00 9.807243542141716119e+00
4.529967526581807391e+01 6.929842613831828757e+00 9.993563175005238719e+00
4.500105884425621383e+01 7.530184617287485338e+00 1.048475793642101195e+01
4.492200177635988467e+01 7.467693823338324322e+00 1.030840541906745145e+01
4.539675291390774703e+01 7.531645108404276812e+00 1.030468428889017574e+01
4.680798477183910222e+01 7.738696524170439517e+00 1.139584759429867411e+01
5.309069502934084994e+01 5.986047678917618242e+00 1.479704522914208553e+01
5.634795015240604243e+01 4.533599440399271430e+00 1.516279946545909496e+01
5.804728083369724345e+01 3.047813989604802654e+00 1.560834948945141676e+01
5.932906200349979997e+01 1.293017778982500143e+00 1.536533532099293708e+01
5.880922673102612919e+01 7.932981556339453455e-01 1.456076006673585965e+01
5.892013502631408528e+01 6.773864552385284732e-01 1.467905888865811548e+01
5.909259550394217797e+01 -5.509949816530217426e-01 1.492213254335000627e+01
5.912428056256530340e+01 -9.110516700932080880e-02 1.445733907483901248e+01
5.877140926677071775e+01 -3.436439849491255139e-01 1.409658957531892653e+01
5.910738827378284554e+01 -9.581690832840397132e-01 1.439871888374188558e+01
5.838529316312659034e+01 -1.567991892912922181e+00 1.380710376193554723e+01
5.838715795307882672e+01 -1.741494762779079331e+00 1.362847418606016348e+01
4.663343178668768019e+01 3.147388287691048614e+00 -1.291126798906636619e+00
4.780124701341692628e+01 5.300666190770105146e+00 4.341887202181391459e+00
4.650856016777554913e+01 6.382638169852912213e+00 7.997424975471737696e+00
4.572103317581150606e+01 6.827636877462518683e+00 8.398440237508120632e+00
4.512816275367588048e+01 7.421199288154948448e+00 8.886883497503776042e+00
4.413297260784114684e+01 7.750437737274488370e+00 8.670228211812821328e+00
4.386052477659215754e+01 7.587089037808388170e+00 8.657544798560801169e+00
4.436569891878583149e+01 8.384970250399417679e+00 9.034515356995962421e+00
4.643949338289527873e+01 8.572318251438060699e+00 1.037315866155708832e+01
5.286262496561846547e+01 6.578700448333906436e+00 1.385229711203161074e+01
5.651955553903110285e+01 4.453538952264867845e+00 1.518664211029732058e+01
5.793871187080416973e+01 3.320304262053359157e+00 1.557324424686143871e+01
5.812552129664240397e+01 2.690557161397050923e+00 1.455643300860267075e+01
5.831655770943494588e+01 1.109721962288167774e+00 1.442402849906340023e+01
5.855118950049040905e+01 5.395932073901374970e-01 1.398680805874420230e+01
5.846564758339775381e+01 7.065398216817753152e-02 1.385130650225919524e+01
5.882830497705360528e+01 4.049026755861939719e-02 1.424880632303758077e+01
5.852333082758971727e+01 -6.387479997019243072e-01 1.399584243700279984e+01
5.819101630024761107e+01 -4.972977565592660021e-01 1.403058850430187832e+01
5.745040450416013300e+01 -1.377328672200658133e+00 1.346957810237730513e+01
5.801579216196604705e+01 -1.762560427912843064e+00 1.369064873264566629e+01
5.012048942936901597e+01 4.578009126950709273e+00 1.682064998851218185e-01
4.962711698920709580e+01 6.238094523649653667e+00 3.530353325148031463e+00
4.689170867566973300e+01 6.465145690006975698e+00 6.561855569283000733e+00
4.562195397319430867e+01 6.941729808836170079e+00 7.750944055325305726e+00
4.458318961949745329e+01 7.540014281601454371e+00 7.617520516275941844e+00
4.361136699403216710e+01 7.546045584253652905e+00 7.133090009051148428e+00
4.344640595779397074e+01 8.283871669478720889e+00 6.927916605408565687e+00
4.400690752271921014e+01 8.638094009859907274e+00 7.396295284753650279e+00
4.577421528813557927e+01 8.942060184002922796e+00 8.514548774467602499e+00
5.183233472540700859e+01 8.289926672950310049e+00 1.234435577347206703e+01
5.482748394202826603e+01 6.090464514454282607e+00 1.382319402980492029e+01
5.642931203842520915e+01 4.984629180651811708e+00 1.398671259732921257e+01
5.708431733099988037e+01 3.429924037959615202e+00 1.380382623652748819e+01
5.727783901482189322e+01 2.668460964260288559e+00 1.358920791269412121e+01
5.732688697217876950e+01 2.298948165202418625e+00 1.334744976793410487e+01
5.777632724345107817e+01 1.490084950932972330e+00 1.379008428663114572e+01
5.750625500917601585e+01 1.698246205671175790e+00 1.382233319408765482e+01
5.764182871476884884e+01 1.148077546493826873e+00 1.369420938893404482e+01
5.733242852575143900e+01 1.798342093024059896e+00 1.397630126739801071e+01
5.647633357788284059e+01 9.198119481405693243e-01 1.316786984749254330e+01
5.686182957608627930e+01 1.658239550698531684e+00 1.325418954442321962e+01
5.446214703209872710e+01 5.562825928153335653e+00 1.352737622797262063e-02
5.093361623866600496e+01 6.770836013171985357e+00 2.078613446386404551e+00
4.706785259406527189e+01 6.765450914335232824e+00 4.819170816425410564e+00
4.510001918428148571e+01 7.347011756703501817e+00 5.294899892602471070e+00
4.368787384242033056e+01 7.933904105014022434e+00 5.235313444450602205e+00
4.252009483620308572e+01 8.200647940873873054e+00 4.072086712665704766e+00
4.185415148394724838e+01 8.137078185907606453e+00 4.043297156738889342e+00
4.247686889016732437e+01 8.317624206939543186e+00 4.248684774226761718e+00
4.400467578209138253e+01 9.146201392988743351e+00 4.670217662219361188e+00
4.866082418643409824e+01 9.431387849437786741e+00 8.467933966851266092e+00
5.142712031411298312e+01 7.091636220402122603e+00 9.604765735031751461e+00
5.271553607404516129e+01 6.414782671654398527e+00 1.001182026669314595e+01
5.295114532752866410e+01 5.478414821964468828e+00 9.844145662006415165e+00
5.289993968355531706e+01 4.429924607840966644e+00 9.840820396863511732e+00
5.322819730961955997e+01 3.929931169158858761e+00 9.899453702169816793e+00
5.409305189510244816e+01 3.403285551429783506e+00 1.088815348977977315e+01
5.379957230792618361e+01 2.994636192539142261e+00 1.044214028447528797e+01
5.337924934068283278e+01 3.103565531327296068e+00 1.044104071697886837e+01
5.287937853741421179e+01 3.200691117547206144e+00 1.006978984143749045e+01
5.186686692071219795e+01 3.227376549357960034e+00 9.635437105651917022e+00
5.254074913830420712e+01 3.026414606515650529e+00 1.026675091031008336e+01
5.453538302464208698e+01 5.906845178700564247e+00 -1.167009858889316298e+00
5.084863348807054706e+01 7.142477316083269301e+00 3.293212026010547966e-01
4.676063046465466044e+01 7.038296471457096359e+00 2.634449735049786856e+00
4.436059658672805028e+01 7.120395381473640484e+00 3.280365760036894063e+00
4.263039477055090742e+01 7.549754484970431889e+00 2.580315683952045358e+00
4.162058265459767625e+01 7.910859881144620687e+00 2.274570487696482513e+00
4.091315767712226403e+01 8.110555392446698875e+00 1.616776905122898622e+00
4.077798272325556184e+01 8.537114805490496394e+00 3.108433016588025843e-01
4.202950188978677915e+01 8.850476173288370774e+00 1.119249379415795165e+00
4.583795324702588658e+01 8.914601117056328405e+00 2.981073022270058548e+00
4.819505313117981871e+01 7.526501672314291014e+00 4.546902388939352946e+00
4.904161858012287212e+01 6.322390927163633378e+00 5.321073040515869934e+00
4.918553259008776024e+01 6.021610067823857548e+00 5.086390737510182447e+00
4.895401407501154267e+01 5.287366233606130450e+00 5.261062536190689087e+00
4.900465501999451590e+01 4.421006687245121469e+00 5.651019683846435271e+00
4.898837417019396412e+01 4.768714861505205960e+00 5.530272850638079163e+00
4.882147090009991075e+01 4.483364363215848414e+00 5.323172323113784188e+00
4.878861358977336238e+01 4.909839177022639944e+00 5.705286690989943565e+00
4.837677351108983714e+01 4.780872246253885294e+00 5.087037512466800138e+00
4.788843541626040690e+01 4.896103495474180889e+00 6.428898880800456794e+00
4.813217557938428115e+01 4.518768000324563161e+00 6.151054740469437121e+00
5.498860817563902970e+01 5.774332091182850846e+00 -2.594199670716879957e+00
5.124134012779511238e+01 7.711165778128487247e+00 -1.811099136374740404e+00
4.659181759520240718e+01 7.238898195141112879e+00 -5.936647186664401055e-01
4.399545788505238875e+01 7.348901622716956794e+00 -2.808092354844067273e-01
4.224274426283214723e+01 7.736604637524756356e+00 -1.231626585584937761e+00
4.109239008333911158e+01 7.611926920710871514e+00 -1.746960000711133443e+00
4.029844737537550969e+01 7.519313360258429668e+00 -2.301117517140254698e+00
4.009518093627571744e+01 7.436960161850116435e+00 -3.098225335250284207e+00
4.074482651611735662e+01 7.710695212017087741e+00 -4.020367779812215048e+00
4.259141241904438147e+01 7.416081050581871281e+00 -3.951895669967717240e+00
4.397957444542679895e+01 6.670074310282272378e+00 -3.193098169925446150e+00
4.425187915373609826e+01 6.641353483561436732e+00 -2.375830591489028087e+00
4.440543028970230921e+01 6.499202303590120522e+00 -1.617027905717309810e+00
4.442875438162318602e+01 6.189953366979036531e+00 -8.003521313452544028e-01
4.451531965930707457e+01 5.857324656541488039e+00 -3.508281525440133386e-01
4.510752963896366907e+01 6.017130477183116000e+00 5.178612906162727292e-01
4.549282982227480687e+01 6.006953796452956240e+00 1.561689661395233575e+00
4.525252947127484759e+01 5.213696882012785139e+00 1.424289479853866336e+00
4.555136890879298051e+01 5.274171593565428751e+00 1.665092273984701610e+00
4.546258742326813262e+01 5.689240946938262766e+00 3.200081158030478878e+00
4.595694838737840371e+01 4.471108206423391351e+00 2.560164833171895804e+00
5.648760316795801373e+01 4.903378168454798569e+00 -4.944376172821028703e+00
5.154875628334801263e+01 7.515491446396417530e+00 -5.157551178090665545e+00
4.739880181099508150e+01 7.730228564387557455e+00 -4.047503206077577076e+00
4.528401016893228359e+01 7.213260892407875602e+00 -4.141913711968738809e+00
4.355242413475895091e+01 7.026761330423198615e+00 -4.455590121544346971e+00
4.275362265551350305e+01 7.217561452686029000e+00 -5.458491026410535518e+00
4.238689236198569432e+01 7.302348053624671209e+00 -6.230758647547252949e+00
4.197987925002944110e+01 6.975787603984075602e+00 -7.670576904307285560e+00
4.208706733945356859e+01 6.539705280879399396e+00 -9.760500001992939545e+00
4.205062443610338363e+01 5.841216673253045499e+00 -1.016861374694457609e+01
4.154788817612990215e+01 5.567350421454550613e+00 -8.412962106462119394e+00
4.146889395819575697e+01 6.058383000441464716e+00 -7.617023609518352778e+00
4.137108369151883380e+01 5.619525281873764655e+00 -5.712761783131560023e+00
4.184029055006530484e+01 5.557995508662886053e+00 -4.140313637094643617e+00
4.236259516466426334e+01 4.973947046216922629e+00 -2.963353643650345148e+00
4.280771960095158590e+01 3.392200604221366600e+00 -2.983304985034873624e+00
4.284744822168011780e+01 3.544775761420201565e+00 -2.494037769528314907e+00
4.287901553296783419e+01 3.606596660053493775e+00 -2.770174075909005218e+00
4.292898185237289255e+01 3.164662853484023319e+00 -2.696117874100695033e+00
4.313845815157356611e+01 4.371027736368377603e+00 -1.057918448036600623e+00
4.352114534121852785e+01 3.775387056891986060e+00 -1.443525094414365828e+00
5.729504250328811565e+01 2.084571770947329039e+00 -7.864663666478103110e+00
5.210091166465309698e+01 6.446614585021560373e+00 -6.779626336051729041e+00
4.788562645537355422e+01 6.959635141591217433e+00 -6.443817343192305813e+00
4.619781941797775460e+01 6.348109119558625224e+00 -6.630561809440060017e+00
4.483521184845979946e+01 6.441911054779975387e+00 -7.205262990120884226e+00
4.399931924672292638e+01 6.175514837189775008e+00 -9.177955047059896287e+00
4.412243415043539585e+01 5.690584043373393186e+00 -1.079690204717950763e+01
4.343038800339534333e+01 4.940428015741005652e+00 -1.257715199237164683e+01
4.222977428702279923e+01 4.236722304085981605e+00 -1.457923468569895320e+01
3.917057457744709836e+01 4.903653307340585243e+00 -1.337089991711770942e+01
3.844193028743853802e+01 4.451334122277350147e+00 -1.086808355284856198e+01
3.876630935859765970e+01 4.175894924818662091e+00 -8.812714305044739405e+00
3.960137502113416730e+01 3.692962341016898353e+00 -6.514570482539804530e+00
4.084456283888546579e+01 2.570143742013570876e+00 -5.297127777155370865e+00
4.122676948610518366e+01 3.238569160628097077e+00 -5.511055331287765924e+00
4.145738845039610254e+01 2.193438705254416643e+00 -4.287830073723041480e+00
4.197135979365876324e+01 4.090170223717329634e+00 -4.583854189490264908e+00
4.205338500593690299e+01 5.059955521642187648e+00 -4.435496082451674482e+00
4.254544131604328072e+01 5.308318919025303728e+00 -4.165202985992765505e+00
4.427994217001597832e+01 6.876450881079156474e+00 -1.969957831250725544e+00
4.475772634556656726e+01 7.196027988779947648e+00 -2.283863340329669089e+00
5.503304533952176314e+01 1.717677646080693066e-01 -1.369857371580770788e+01
5.306826796343490571e+01 4.508133230224418142e+00 -1.034373505570894203e+01
4.981044304595923222e+01 5.865239006061351290e+00 -7.982839756510049511e+00
4.880850211683637951e+01 6.214227162304759133e+00 -8.559759838172217528e+00
4.734098568788305528e+01 5.641057175832164816e+00 -9.594947582676914166e+00
4.634138694039281603e+01 5.292212131882427784e+00 -1.079249169571628109e+01
4.516642113039298323e+01 4.922947390411792412e+00 -1.145598312694556675e+01
4.234763943194465696e+01 4.568119287558131347e+00 -1.135465793192597772e+01
4.081757966546550875e+01 4.049953613034141142e+00 -9.008077673008482833e+00
4.059267971645976303e+01 2.330732245624826060e+00 -6.019740404081082019e+00
4.352411419092804579e+01 3.796942847123996767e+00 -2.683666453626870840e+00
4.597702759684197815e+01 6.585480624565210661e+00 -1.029230745275833581e+00
4.818969868145819646e+01 8.034042055289786433e+00 3.854770917395158314e-01
4.982647607965687087e+01 9.393422158727375404e+00 1.210735174687625371e+00
5.142554544678661443e+01 9.918205526863575372e+00 1.897115266593228267e+00
5.260050794176709132e+01 1.029848271701619211e+01 2.630127465983729262e+00
5.259080919034062163e+01 1.064541315472919436e+01 2.985334959579690750e+00
5.242962269789363461e+01 1.036970248807974748e+01 3.034016274767515231e+00
5.260824979531415124e+01 1.046013021389319242e+01 3.246526658295124879e+00
5.325216638856029761e+01 1.064030566249021881e+01 4.075109029878177580e+00
5.386719097841397286e+01 1.099180560739796597e+01 4.109412842560466572e+00
5.529683152641948141e+01 1.406950183472461813e+00 -1.537051138423768037e+01
5.447777006570747460e+01 3.216350470827114005e+00 -1.062350842810798390e+01
5.312099990681115003e+01 3.657428739845129950e+00 -8.026578300381757458e+00
5.236340331037300189e+01 3.820191326185363057e+00 -5.160992361317870092e+00
4.980313721240084135e+01 2.961744688531573022e+00 -4.736945000330953448e+00
4.709759193873147609e+01 1.991439056021219844e+00 -4.260185693357568582e+00
4.541100613051028745e+01 1.490931305235316362e+00 -3.686669052307676608e+00
4.679677004489830239e+01 2.408566173893700313e+00 -1.448742579354896254e+00
4.932466853007028362e+01 5.280621928381679098e+00 1.362455440540421225e+00
5.298992211995960133e+01 9.748199412002742648e+00 3.908704106038987103e+00
5.433795966639739561e+01 1.113001727617830028e+01 4.870117771363952741e+00
5.546851731527127072e+01 1.229507251132546308e+01 4.725845048950670702e+00
5.532067905039963307e+01 1.228398365160603767e+01 5.304220895740710873e+00
5.462493059147523411e+01 1.198737592577248634e+01 5.831370514213782386e+00
5.403598679163759755e+01 1.202320769600260419e+01 5.453762987670581097e+00
5.333873526457686864e+01 1.125823150603052270e+01 5.690899851997404113e+00
5.273691719804502043e+01 1.173359582587841565e+01 5.743758016197332950e+00
5.261237394591687178e+01 1.108149325567123533e+01 5.731681694833442364e+00
5.206107787900616302e+01 1.094960954677653220e+01 5.676527066752738548e+00
4.993588197472136869e+01 9.857433136956821329e+00 5.582948583230258777e+00
5.033652434704697498e+01 9.713312500197069710e+00 4.702735422226766104e+00
6.653186050678965557e+01 2.503163237767387361e+00 -5.177898485336219103e+00
5.680711079492837712e+01 3.179774041772131188e+00 3.150150137986303722e+00
5.135559747394746921e+01 6.095887119667899867e+00 5.278926629861206976e+00
5.088351531570016562e+01 7.721231060874663044e+00 6.046173103612266786e+00
4.948203477880829837e+01 8.469172261223466336e+00 6.416948901119187809e+00
4.884162434078731962e+01 8.394397110711063092e+00 6.169346708374582988e+00
4.829038692120893472e+01 8.326711760769091697e+00 5.324688290763029741e+00
4.731435237042714448e+01 7.732696763710118049e+00 5.059940838073288205e+00
4.568080075711174715e+01 7.649261478045207951e+00 4.211268860730381647e+00
4.376166292935864988e+01 6.062921913651731387e+00 3.784588770943518643e+00
4.243851988277587850e+01 5.349536357448403834e+00 3.292453426078604029e+00
4.168268892998087694e+01 5.445489712853609277e+00 3.085363543812612352e+00
4.040914448968925399e+01 4.264409134517011424e+00 2.024767619151802034e+00
4.020844417355613842e+01 4.340027435875649431e+00 2.405882972153110533e+00
3.982366786819625304e+01 4.167844497566873585e+00 2.477130521687805231e+00
3.893929625955357920e+01 3.444395901052592190e+00 1.977147007790173827e+00
3.904249091517625914e+01 3.988797948044747965e+00 2.099731371065541641e+00
3.821509341074815325e+01 3.288128849555211008e+00 1.904777480737989581e+00
3.755739500965836442e+01 2.458023039616338945e+00 2.437129314443348793e+00
3.795336083645420899e+01 2.767911079312314282e+00 2.140041329336539899e+00
5.643269700882056839e+01 6.404738512624474467e+00 7.386083795590403511e+00
5.919175002198609548e+01 7.930183161323450136e+00 7.266823830010981311e+00
6.409511153679216022e+01 6.741416394805229473e+00 8.859523520637321070e+00
6.730773678090717738e+01 4.562043685240482205e+00 8.889731258820944504e+00
6.849958738331673658e+01 2.474553447208899026e+00 8.516935985024058908e+00
6.808725998007794544e+01 6.449039397156282050e-01 8.361194894671555744e+00
6.758913338245687896e+01 -7.739795264499544913e-01 7.920673032193098706e+00
6.311219430631135197e+01 -4.146909156324259271e+00 7.848246576393052010e+00
5.859150685149965909e+01 -4.676207032267699404e+00 8.298052720603898536e+00
5.474512938728406652e+01 -6.288070870327985951e+00 8.948845587392899148e+00
5.314064750688145011e+01 -6.332708580665917353e+00 7.815632804060513195e+00
5.254160332267832700e+01 -6.210845030077988049e+00 8.543845292291688764e+00
5.188824527108786810e+01 -6.535277827725510136e+00 8.527226986323421798e+00
5.146296581923229496e+01 -7.057022479868528819e+00 8.760643889481558588e+00
5.134286252923567417e+01 -7.006091661595744924e+00 8.883192688646763813e+00
5.095715199351775482e+01 -6.820094795191185000e+00 8.587773243271804802e+00
5.116803567679953346e+01 -7.393577192017271926e+00 9.173910949297681583e+00
5.127300026232421715e+01 -6.816146144118894412e+00 9.383894975767827162e+00
5.108644740160372066e+01 -6.990593321956547257e+00 9.534417157062184955e+00
5.024153266247407146e+01 -6.442612442625117453e+00 9.804233086876950054e+00
5.087781426758587600e+01 -6.988866162854749930e+00 1.065884639759922514e+01
5.630978814268571853e+01 7.583862643401351633e+00 3.411212991593581823e+00
5.769184535099746824e+01 9.376681604562863370e+00 3.993226954774300896e+00
6.244758510489812409e+01 8.447426711994115323e+00 6.560259445876221562e+00
6.506822490839057593e+01 7.304980640845148088e+00 7.837841556276043065e+00
6.642068793038268382e+01 5.532309749774137586e+00 8.886128997668162555e+00
6.708008520035181732e+01 3.041526915474557224e+00 8.832489391284108038e+00
6.697950341539613817e+01 1.145870816157297245e+00 9.049198260899311563e+00
6.508457803559750232e+01 -1.807919295877059573e+00 1.054470764226118007e+01
6.205161309929083302e+01 -3.385338812787316964e+00 1.029553733426551076e+01
5.753116738207724268e+01 -5.498533498198726832e+00 1.107475825697786931e+01
5.547958148122614830e+01 -5.063864583700183886e+00 1.129918354226273713e+01
5.449975163375573572e+01 -6.303438591595754481e+00 1.164572678638809577e+01
5.366696568910137444e+01 -5.850715360256916853e+00 1.089709525038752425e+01
5.285160837209342333e+01 -5.725144834739023025e+00 1.084356573864930873e+01
5.244884781224341452e+01 -6.089427848157182410e+00 1.073973027273002856e+01
5.253348192021118734e+01 -6.200672192701697227e+00 1.137174636113677018e+01
5.265344287103791032e+01 -6.106028006766444527e+00 1.208412616007168694e+01
5.296142876426304724e+01 -5.771125446281031302e+00 1.248371888605771218e+01
5.254751697584059400e+01 -5.883391297248166119e+00 1.232830645984840601e+01
5.160213087369665175e+01 -5.666511144213005835e+00 1.308394782622405472e+01
5.214511506034035904e+01 -5.637576432400573268e+00 1.373151912751526638e+01
5.656063051106664830e+01 8.320224195987179883e+00 1.038851211040919598e+00
5.712502850154588430e+01 1.052899891356290851e+01 1.645011375515656571e+00
6.066563224199485660e+01 1.017604629334481814e+01 4.563748877257474135e+00
6.346115117233924252e+01 9.083991720655726354e+00 6.119650786698384692e+00
6.525700493566641569e+01 6.572935761300186641e+00 8.204303783904460801e+00
6.618255491837335569e+01 4.647989890260388890e+00 9.135592311747934957e+00
6.587798623793082697e+01 2.934872735619623807e+00 1.036561388472693324e+01
6.426211649649862068e+01 -1.747643755493411000e-01 1.094378985141462834e+01
6.231660660991208545e+01 -1.981868565319717224e+00 1.224405678016015919e+01
5.815932094063353475e+01 -3.843171685692910788e+00 1.242335622618140789e+01
5.594288833209706979e+01 -3.928775099666772519e+00 1.234423920292548260e+01
5.487102789532085012e+01 -4.847764531816693534e+00 1.187756096138206807e+01
5.417535364447691393e+01 -4.060113418831846843e+00 1.231929023162161840e+01
5.330479598968486243e+01 -4.762471495240616193e+00 1.318248526904629969e+01
5.299645354454263213e+01 -4.442231786286240158e+00 1.306700923746161180e+01
5.296204797318702617e+01 -4.404736052597406193e+00 1.368149851787549665e+01
5.291815459773333430e+01 -4.352048157679814011e+00 1.411515510423826925e+01
5.304556510327763874e+01 -4.248243715712431978e+00 1.395101135668780401e+01
5.296938016433858820e+01 -4.653473528261237391e+00 1.496642629705128158e+01
5.204445414969219996e+01 -3.881750322106119810e+00 1.408621828309811264e+01
5.267544007824720609e+01 -4.401943340943882177e+00 1.502981340960990053e+01
5.625824252113061164e+01 7.856550270242813383e+00 -1.650080031212501908e-01
5.684832268968439450e+01 1.082005847463236847e+01 6.244233256918270136e-01
5.983729177466807414e+01 1.041202570460276533e+01 3.816412897125170733e+00
6.253851616178332051e+01 8.725752142907836628e+00 6.369443499065548409e+00
6.460108276575945752e+01 6.756624907705727878e+00 7.954242874483195891e+00
6.503293734129019299e+01 5.228813270083906062e+00 8.822792112660252428e+00
6.534731037369478202e+01 3.527189128128851880e+00 9.955643711676355423e+00
6.355553591286503945e+01 4.028167436801362022e-01 1.081666441968812009e+01
6.171239515136075227e+01 -9.794147663514118918e-01 1.234896151654292140e+01
5.771849339848466798e+01 -3.299847659990172044e+00 1.272476341795163179e+01
5.587438894742926720e+01 -3.347601135376065962e+00 1.254561912391276834e+01
5.479752465612537549e+01 -3.816840909262764203e+00 1.277285115865366549e+01
5.381119272965355549e+01 -4.110927040401662680e+00 1.283700542339105155e+01
5.272341346560966713e+01 -3.666217517258420600e+00 1.272278590710530821e+01
5.274679321011340960e+01 -4.249007828435368950e+00 1.318391067861312393e+01
5.247362853024745277e+01 -4.172439714478388240e+00 1.364883372395740935e+01
5.268637743939351026e+01 -3.914982246243663422e+00 1.394470473428471280e+01
5.290281677446355957e+01 -4.248891401470618945e+00 1.442205813585299978e+01
5.227718240756843215e+01 -4.220045666471472501e+00 1.437421281651335647e+01
5.192646236876444732e+01 -3.351681696831250612e+00 1.413706907286143633e+01
5.254770340719409205e+01 -3.879403479915436659e+00 1.472751200740293243e+01
5.654662483341127199e+01 8.052475021316478632e+00 -2.828786443335646883e+00
5.574718052263561674e+01 1.102677615205737460e+01 -3.316578489937686669e+00
5.600412392095837788e+01 1.294468466362968151e+01 -2.248117082584664139e+00
5.775413338649519801e+01 1.128883804220491349e+01 9.815616859609090916e-01
5.997221856499879777e+01 9.431007636999520827e+00 4.906930904942697680e+00
6.109127720750207402e+01 7.393147492640958163e+00 7.799833553871614811e+00
6.133966367497393435e+01 6.113537883778006332e+00 9.371370614651688413e+00
6.007306694692826454e+01 3.180572699012847782e+00 1.139488393055069260e+01
5.860333208431740104e+01 9.180470528000506114e-01 1.269355688614327349e+01
5.567850942723724472e+01 -5.802212594176636706e-01 1.316369939428031088e+01
5.408151416159323333e+01 -1.403345604742178621e+00 1.332821553568753359e+01
5.347344600493609335e+01 -1.193465774500958698e+00 1.361877946132402784e+01
5.274188433012393773e+01 -1.379835973694898410e+00 1.371728988757621792e+01
5.222915991365388777e+01 -1.950434571090251090e+00 1.440702767436408749e+01
5.219109651931388782e+01 -1.484892156574705080e+00 1.429049966133203853e+01
5.200064612465737923e+01 -1.991989571935778081e+00 1.496987190544214386e+01
5.178798627143902422e+01 -1.557860642527691963e+00 1.479051789512206838e+01
5.179858149267869294e+01 -1.585048597291521588e+00 1.501933219976317702e+01
5.141694338453761759e+01 -1.804597227128182269e+00 1.486209881995252857e+01
5.101377775696441574e+01 -1.947706142134571383e+00 1.474194361794584651e+01
5.126128179091458037e+01 -2.289590709088614062e+00 1.462305103665055483e+01
5.754474202696611940e+01 8.411135334684100684e+00 -7.624407679635520907e+00
5.513225647460380685e+01 1.211030558881877361e+01 -7.813724174935664735e+00
5.310127350494848031e+01 1.373650120230781724e+01 -6.626684083375883105e+00
5.396597872146777775e+01 1.303646587235489029e+01 -2.829166185682492785e+00
5.546715936915283862e+01 1.134898072078922837e+01 1.487949016533956392e+00
5.611404413521289314e+01 9.808115585039626438e+00 4.662582961642739221e+00
5.660142334452922341e+01 8.386470697947121522e+00 7.468494048458628853e+00
5.511948853759476208e+01 6.225800598620946147e+00 9.724983436831049488e+00
5.384161491214983641e+01 3.854813737405751173e+00 1.095485720951771391e+01
5.215300351893354502e+01 2.575387437459934592e+00 1.233899688395143102e+01
5.132571404981305818e+01 1.658371054529310218e+00 1.314505672370924216e+01
5.112400569249633975e+01 9.755845482044729344e-01 1.389839955172624997e+01
5.112503840979682934e+01 1.018451112841774364e+00 1.458059411325347554e+01
5.097304526528439794e+01 -8.409635323639585991e-02 1.456778410040433158e+01
5.016240735448593568e+01 -9.672069627515433865e-03 1.403613343815390380e+01
4.958391421371949548e+01 -5.305881644048242585e-01 1.365358331337227327e+01
4.941061167372863849e+01 -5.872059650932563990e-01 1.313309768531211219e+01
4.874611780444074327e+01 -6.307429767225345429e-01 1.266390455113572955e+01
4.869201327829355819e+01 -9.953348933155594658e-01 1.281718671305572599e+01
4.890692594118625891e+01 -3.797402631958068930e-01 1.283697691484833570e+01
4.873070616475706629e+01 -6.169247753361344344e-01 1.251814855681622873e+01
5.810426063556279530e+01 8.544601707438397753e+00 -1.102954874985645617e+01
5.447161746137746263e+01 1.250430738678740994e+01 -1.163119369586390128e+01
5.072285399314236543e+01 1.490569706021505070e+01 -1.031858628005337764e+01
4.994630418877648026e+01 1.465023140951398872e+01 -8.206359155714698872e+00
5.055911825520007596e+01 1.328231927512726607e+01 -3.541562161250896068e+00
5.057264525712321301e+01 1.226522348331216250e+01 -1.549236000254556878e-01
5.078664204946529992e+01 1.125151707457545847e+01 2.609164805071620297e+00
5.023298241599661651e+01 8.930285642947206171e+00 6.677406166813696586e+00
4.944496047444663134e+01 7.180171697111147111e+00 8.143472409850337712e+00
4.906010001466974302e+01 5.314623864112194340e+00 1.160961365281694491e+01
4.992421221192300607e+01 3.981370477529860619e+00 1.325203979614767746e+01
5.060439255112946455e+01 2.782486299787117812e+00 1.375494187379992184e+01
5.050958603062505858e+01 2.696468106404563247e+00 1.379421569759514554e+01
4.898158324385637741e+01 1.878673620561114088e+00 1.272330279282936161e+01
4.744569019630412754e+01 1.464349497452334337e+00 1.123842368444608475e+01
4.677857226321415851e+01 1.208616154628981310e+00 1.096534998274146844e+01
4.657880526503087282e+01 1.270831457487009875e+00 1.089033128455309551e+01
4.671168671978877995e+01 1.416856775829003379e+00 1.091556294703018359e+01
4.736629302735071434e+01 1.710187487184434030e+00 1.152766567739397807e+01
4.810290463788473403e+01 2.533775601327643567e+00 1.147037594611839673e+01
4.881750315933589945e+01 3.267416436596624063e+00 1.228077449494047002e+01
5.866244258502867126e+01 9.793088638018527803e+00 -1.352980793841025253e+01
5.378848671216647404e+01 1.201421875920436122e+01 -1.466485911709501089e+01
4.796968094284703454e+01 1.600278422190596928e+01 -1.429395218220079755e+01
4.677418029973495806e+01 1.551049751481411221e+01 -1.014474109526022971e+01
4.624122438608180374e+01 1.474992825327984747e+01 -7.030810608231458758e+00
4.583417502178987490e+01 1.384448076252203563e+01 -3.314672840083680239e+00
4.542846538950315249e+01 1.245625437021619497e+01 -4.054638860366810427e-01
4.508105197293206601e+01 1.066765995507357800e+01 2.897457612662695414e+00
4.568955416871386177e+01 8.814458375049667893e+00 6.739630532192354195e+00
4.781323998755614468e+01 6.196230094923828702e+00 1.066630085723373789e+01
4.923238922167747944e+01 5.337462955069051773e+00 1.090125628006872738e+01
4.911454262577814234e+01 4.086230306418565661e+00 1.109244381867805274e+01
4.827651941391590640e+01 4.268298776779532844e+00 1.018894073769306452e+01
4.727112172358905440e+01 4.311263965879913229e+00 1.031389213499037893e+01
4.730503117533266533e+01 4.719304895783023923e+00 1.030104495890784655e+01
4.855949918403004517e+01 5.352899875708825306e+00 1.160791214841574082e+01
4.971583299427868496e+01 6.614613725071485817e+00 1.135374894301788018e+01
5.044488703177471223e+01 6.680958176685798833e+00 1.151220480054729300e+01
5.137299426237618150e+01 7.419027695296588121e+00 1.231890680263267868e+01
5.186935341199546201e+01 7.792476387710280505e+00 1.178930510759400541e+01
5.294132456833601452e+01 8.377699437867677901e+00 1.266338995047685145e+01
5.843291002205924656e+01 7.810535027896026605e+00 -1.412814573107281824e+01
5.210929679503425405e+01 1.078445324878864753e+01 -1.368710052233632268e+01
4.554014652773713578e+01 1.505297929534222945e+01 -1.248192014901250246e+01
4.362767635191298154e+01 1.515688809442740848e+01 -8.957431030302013042e+00
4.231838453382283660e+01 1.411748140816060726e+01 -6.299865819370541686e+00
4.165617056588968126e+01 1.274333379055853932e+01 -3.963329296648145483e+00
4.149755374746030157e+01 1.195388668176608959e+01 -1.233624161152372167e+00
4.255762372858923470e+01 9.713640730774704579e+00 3.148216415275121971e+00
4.476069597307775183e+01 8.006329148123425554e+00 6.431458753208607604e+00
4.760938058033288200e+01 5.315542250007810665e+00 8.723017998839223353e+00
4.876355091280834131e+01 5.634965303496127120e+00 8.637472541234579637e+00
4.950031625800365020e+01 6.375498558665761095e+00 8.993946022233249238e+00
4.992247531119069492e+01 7.116574533536134339e+00 1.026090492536529197e+01
5.111416684722534853e+01 8.275258402980385952e+00 1.098518238567777061e+01
5.257740470559298274e+01 9.261405333946964191e+00 1.222290128974076673e+01
5.390407637743126656e+01 1.004668454999213090e+01 1.240468629045667726e+01
5.465584411870599979e+01 1.038480243265333769e+01 1.238968502484506473e+01
5.510163820165033144e+01 1.084219686909826308e+01 1.272425587740128350e+01
5.585030432014484347e+01 1.064020764160276045e+01 1.277938688139990830e+01
5.594303067516602823e+01 1.069711074392117389e+01 1.223475108534157485e+01
5.657432102962559384e+01 1.135296043904797969e+01 1.259179121141626467e+01
5.811895486869333638e+01 5.946557855200509835e+00 -1.149271232535246767e+01
5.102202295984652380e+01 7.801676329700109491e+00 -8.976661757705821643e+00
4.381443745282754065e+01 1.002527116363088666e+01 -6.727888802148346059e+00
4.204062043988573549e+01 9.402864052602103229e+00 -4.779796917863389005e+00
4.112521735052079208e+01 7.519196417959221890e+00 -3.241730541867750226e+00
4.169584699323617372e+01 5.482678690563991708e+00 -6.967292653967791516e-01
4.327695603582859007e+01 4.264951844448869878e+00 1.801593004576482304e+00
4.634414909595129473e+01 3.961318043625043916e+00 4.187910849411716541e+00
4.868114235195757544e+01 5.558104741391188597e+00 6.080512476392721410e+00
5.223692276300840831e+01 1.028773383046482159e+01 9.006971748726053661e+00
5.506119875224923987e+01 1.219300871628986549e+01 1.037361747711597637e+01
5.757688569004089629e+01 1.311040240849308880e+01 1.064575071815085749e+01
5.822332135425574506e+01 1.320067722192373871e+01 1.117889149363531232e+01
5.903473286816657151e+01 1.349584461925792311e+01 1.183631644859686283e+01
5.934524255686940819e+01 1.354952202757805324e+01 1.141734657697184119e+01
5.927175755126349088e+01 1.304423153881343467e+01 1.159777736516931412e+01
5.934956796069184293e+01 1.326666564560184725e+01 1.152691849822621961e+01
5.961751296432234426e+01 1.324980504097893963e+01 1.191262888323753089e+01
5.909077627651525688e+01 1.362973386410643428e+01 1.129409989509641576e+01
5.811663064483370533e+01 1.293787932742711533e+01 1.133977774202821287e+01
5.825354031632660678e+01 1.327599107110272847e+01 1.087311950905322178e+01
5.782849059584954432e+01 3.976418601800689512e+00 -7.730543366791419402e+00
5.054076868098856323e+01 4.299987666930585206e+00 -4.982081584912537942e+00
4.606892765182930560e+01 3.110166142238114606e+00 -2.488600964792334835e+00
4.742395343009725650e+01 2.404415879868283756e+00 9.774412868556034972e-01
5.018333944064140439e+01 3.640851260087931696e+00 4.233954156357116361e+00
5.258711464589282514e+01 6.015148620954326120e+00 6.301039013018808532e+00
5.435192918973631038e+01 8.607955986555861472e+00 8.464042519081630189e+00
5.707971510670185467e+01 1.209590159087042771e+01 1.068630083878636938e+01
5.914532985199898008e+01 1.409586474959393598e+01 1.050178912996412350e+01
6.077981457267323151e+01 1.560200153378022847e+01 1.024864104695173950e+01
6.077400408166982970e+01 1.547883154594040889e+01 9.558974451575902975e+00
6.101499910797285509e+01 1.522949706345449883e+01 9.469108252465169073e+00
6.068739363870376735e+01 1.508772996217787110e+01 9.652433587696926054e+00
6.039725954058600621e+01 1.513345974608665401e+01 9.977487782605743760e+00
5.946228027445985731e+01 1.431600476332292260e+01 9.674830064203712610e+00
5.835731189148775400e+01 1.450201619329092395e+01 9.143551701115804065e+00
5.856547285389738988e+01 1.438971794209962951e+01 9.273572779148839373e+00
5.810063947343624591e+01 1.450465521400337465e+01 8.748718797433699734e+00
5.729770159672946761e+01 1.391191903939576946e+01 8.730233138844395668e+00
5.542344884388701587e+01 1.215720756504027023e+01 8.301636261870179112e+00
5.602930306781095737e+01 1.306374628731562026e+01 8.455585444923965355e+00
6.173006161348612864e+01 4.557043058622540777e-01 -3.873043463001768050e+00
5.728128110199020284e+01 -1.726288651698074439e+00 -3.919997986055170358e-01
5.725653913070513568e+01 4.112694666782012121e+00 5.502045971294311499e+00
5.716079600504011182e+01 9.113585035327421480e+00 7.348434741060177799e+00
5.652504258558346351e+01 1.067587492978759656e+01 8.782592412466245335e+00
5.690411937026240707e+01 1.103814737493160791e+01 8.183168525765896817e+00
5.710750189956068823e+01 1.207426162906192957e+01 8.117440968443801808e+00
5.725863001431775956e+01 1.214863938725385673e+01 8.023120865793046619e+00
5.664785415809984670e+01 1.192460942364216336e+01 7.384138093872680386e+00
5.541813209749469138e+01 1.104130380739962902e+01 7.459380964706982198e+00
5.337424200205616387e+01 9.952252894788422566e+00 6.626157776346097705e+00
5.179037984312253684e+01 9.913175044451863371e+00 5.889833134453168029e+00
5.073643173781290727e+01 9.750705116914359039e+00 5.708281516922529164e+00
4.940216030775016520e+01 8.936200123951570262e+00 5.168911133546069792e+00
4.887218390670798840e+01 8.528699762287013542e+00 5.469623242257926066e+00
4.801743949528463418e+01 7.974419663048250229e+00 4.555869518787966754e+00
4.781951193362944963e+01 8.127775496432880331e+00 4.324410128543449972e+00
4.778463524032417808e+01 8.323564428515302538e+00 4.684472402724043860e+00
4.720711485496624960e+01 7.815797234097978219e+00 4.277265027389622887e+00
4.603334351774710598e+01 7.708658380420876810e+00 3.632403922759789072e+00
4.594117770228378106e+01 7.345755966156927386e+00 3.890694462503985651e+00
