6.751393128935156085e+01 2.584983773950601194e+00 4.095584863690609367e+00
6.764373626258503691e+01 1.618198553780250126e-01 1.997362077587174767e+00
6.433948534578918554e+01 -1.680338444989052382e+00 8.307482149623712786e-01
5.745940521702533488e+01 -1.095156959082531412e+00 -1.648864337024402715e+00
5.147767379367026308e+01 -1.553806751760224758e+00 -2.281082170342124016e+00
4.830812661843901878e+01 -1.233698666612029982e+00 -1.331754860768196380e+00
4.518373001855840698e+01 -1.451546305698804273e+00 -1.340170704531317369e+00
4.192233580131751580e+01 -3.014734888593142426e-01 -1.228967991749270183e+00
4.078915789602969255e+01 -5.051837847103731738e-01 -8.923170592613711705e-01
4.352226899741007315e+01 -9.047459872418159854e-01 -3.706306578580766953e+00
3.978571553581522835e+01 2.400024117814147928e-03 -1.911939798703654603e+00
3.939952364185934641e+01 -1.873078770521844350e-01 -1.312184401817555468e+00
3.843290371961182927e+01 -6.419068282382334178e-02 -7.697919555207768383e-01
3.827713236422214749e+01 -1.938820526316287762e-01 -6.347716471151496620e-01
3.842228390819990125e+01 -5.750958137349734822e-02 -5.172650476004463371e-01
3.852667665526632845e+01 2.791833354843876736e-01 -2.179228838889919473e-01
3.852957201848661839e+01 3.880263439752823507e-01 3.010224305700326397e-02
3.858269584345698888e+01 1.834184994439989613e-01 -7.495775019305916942e-02
3.858682614059947014e+01 6.702476945716167034e-01 5.297248348457017642e-02
3.925263632356774934e+01 5.753856156380267040e-01 3.934415395127892623e-01
3.893088055364604827e+01 1.013843851848259536e+00 -4.004625142229158996e-01
7.067889163316522172e+01 2.833317196158160467e+00 7.387789319859052739e+00
7.126703806180547929e+01 1.416074959982762005e+00 8.333440514348566808e+00
6.910947420419651621e+01 -6.527463210388815273e-01 6.910842547595002827e+00
6.392684776727033125e+01 -1.689942724971150945e+00 3.676803280875271085e+00
5.734714552891270500e+01 -2.298982351807023594e+00 2.459517314656938680e+00
5.187721804673209647e+01 -1.702420426781639406e+00 1.894512293565911776e+00
4.766810050358862583e+01 -1.475945071454996427e+00 1.157691213549542297e+00
4.295989878870219059e+01 -8.215750022928502982e-01 1.072290199406243261e+00
4.118087712068034278e+01 -3.651767621069912373e-01 1.220966059886517741e+00
3.969906996816467171e+01 -6.201775420618266255e-02 1.172827782591042478e+00
3.884389885961829236e+01 -1.938362731482214385e-01 1.438938231492645770e+00
3.867296479763066941e+01 1.553218428022908881e-01 1.010831411474104158e+00
3.819641194941239348e+01 0.000000000000000000e+00 0.000000000000000000e+00
3.794334979309531519e+01 -1.581661023412256895e-01 -5.476304443244313092e-01
3.803898170551723723e+01 5.158559432619609364e-01 -2.633235345242006531e-01
3.823810788870164146e+01 2.084743246462515687e-01 1.788981631208365286e+00
3.829189793760112792e+01 1.098304384747466944e+00 2.102874560124586623e+00
3.825765953495462668e+01 1.203721555844742275e+00 1.879445858549175341e+00
3.779495326044857251e+01 5.585887116074543801e-01 -3.201805647763382723e-01
3.831053309910249283e+01 1.541140012272973703e+00 1.862005605320250723e+00
3.832295518219610386e+01 1.584855399767818307e+00 1.623774098308432556e+00
6.938166483879579971e+01 5.444344732859219604e+00 9.043783558482218154e+00
7.092390254229808022e+01 2.708169984781230166e+00 1.178794250765896479e+01
7.010312728240764102e+01 4.444916629802053709e-01 1.053064958318495670e+01
6.617093256947769930e+01 -1.385546092089916304e+00 7.916641316617077706e+00
6.003926566697114708e+01 -2.533958839508448690e+00 5.989999175492886963e+00
5.524937408838854935e+01 -1.841346928631808044e+00 5.019658144762800589e+00
5.028851607321144002e+01 -1.864454299562067208e+00 3.781426022221150873e+00
4.472471613495931564e+01 -8.494845181020004299e-01 3.152150232778687666e+00
4.250759972279337973e+01 -5.067413787218850718e-01 2.409752749599645583e+00
4.056451289608709487e+01 -2.745008808469148187e-01 2.613620904475260076e+00
3.967243100684749635e+01 -2.201678752931424121e-03 2.428391366290799880e+00
3.928466054500962201e+01 3.948617279138249558e-01 2.317573433368812275e+00
3.901527872545062792e+01 6.432488908097956370e-01 2.297105345947525024e+00
3.911777762470444486e+01 8.834617535324431614e-01 2.846105739633056686e+00
3.912705802293181279e+01 1.061529980148486096e+00 3.146389000356046850e+00
3.859052400198726929e+01 1.087166455711396251e+00 2.834300481679738581e+00
3.850826271698254288e+01 9.734606897053493801e-01 2.493461900033462797e+00
3.857014961521357321e+01 1.218016467170186079e+00 2.798311392414809973e+00
3.787600250899895826e+01 1.680455704159454777e+00 -6.560269600849881755e-01
3.793130195533436222e+01 1.724731952947548219e+00 -3.761588083431774976e-01
3.836492093962108640e+01 1.613577776039712974e+00 2.050745202619353336e+00
6.771799685787878786e+01 6.648928662798970990e+00 9.996008269508919852e+00
6.999495139146613099e+01 4.862807508454734418e+00 1.319977790032637444e+01
7.019872438262952130e+01 1.546839005379921916e+00 1.546381535275019203e+01
6.745233846277658074e+01 -2.878910430540366772e-01 1.375468587493013572e+01
6.276311145895482468e+01 -1.395327674413064267e+00 1.057823300915203646e+01
5.816207574606073649e+01 -2.091073484953905215e+00 9.248412834099937641e+00
5.399235508384968796e+01 -1.807533898789460025e+00 7.742777016472945917e+00
4.697204120800638805e+01 -7.928278894754280381e-01 5.843420933699485786e+00
4.397939985842905486e+01 4.818471403720120394e-02 5.186553312226424239e+00
4.217060576103007463e+01 2.143695625286751172e-01 4.255733502886934971e+00
4.128524037703812866e+01 5.327587724761984056e-01 4.530210558717211455e+00
4.136381289427533403e+01 8.510661194711417465e-01 5.297552140831115253e+00
4.083248152345566950e+01 1.238217641693087678e+00 5.009313068506159539e+00
4.043319264248729894e+01 9.191085697535072985e-01 5.019590696256461371e+00
4.032488009866020917e+01 1.741933756507912712e+00 4.674871361045639162e+00
4.002455150863904976e+01 1.551138812165341330e+00 4.389747705553608270e+00
3.982394992989593163e+01 1.820965375621729665e+00 4.646358084797519439e+00
3.977268247447891980e+01 1.854792161756049884e+00 4.178562264944767790e+00
3.931153967996046816e+01 1.708578920198854600e+00 4.246769759645104614e+00
3.921492121972248412e+01 2.986525163845663133e+00 3.942107388043849525e+00
3.912818676739411217e+01 1.968242850599848603e+00 3.730344432936288257e+00
6.583377232426059322e+01 8.140413082787402388e+00 1.134900540928463997e+01
6.927380783070984194e+01 6.711059904645029661e+00 1.753970774999602966e+01
6.990517188814149563e+01 3.805175302904920898e+00 1.960423865315808101e+01
6.785810444466554259e+01 1.615866022972541449e+00 1.740684161715957146e+01
6.414290554906052932e+01 -3.479223904534043399e-01 1.555011753281970499e+01
6.036273688748100597e+01 -1.034883631901097889e+00 1.402974097906334450e+01
5.668773587941201697e+01 -1.335102418745716335e+00 1.251208978622905477e+01
5.007993923862586882e+01 -1.570625618344749785e-01 9.742523757760146452e+00
4.604505419262584098e+01 -1.725454079285892450e-01 7.049058018225757394e+00
4.369956111563307388e+01 5.852875102329222479e-01 6.709314995298974793e+00
4.300578516307490418e+01 9.820047911249851769e-01 6.700399162615525483e+00
4.281653698861216384e+01 1.199930868679876417e+00 6.874303211153616644e+00
4.235393217570206303e+01 1.397267193994081502e+00 6.698020334072584347e+00
4.138846442783563617e+01 1.443682281641884391e+00 5.765315492698951161e+00
4.142055036090405906e+01 1.801084451787414498e+00 5.857612764573310926e+00
4.088217307285771085e+01 2.213062267474048106e+00 5.611187669232117869e+00
4.099863850920771569e+01 1.993272798159405390e+00 5.666528371620314530e+00
4.072739461165046038e+01 2.068333610843592574e+00 5.499332249210100443e+00
4.008926151170894769e+01 2.179868692859596280e+00 5.063758247437315063e+00
3.957085473673292597e+01 2.538878357227367655e+00 4.434767275136437092e+00
3.972779566963330211e+01 2.386116209143270606e+00 3.996439454860675866e+00
6.532567846147394164e+01 1.037744382818464750e+01 1.323394012792811125e+01
6.873483768585811049e+01 8.909361004654053673e+00 2.122549033276298402e+01
6.845569231555643341e+01 4.513357509833280545e+00 2.256227246554947641e+01
6.723142860268373511e+01 2.945087856175560237e+00 2.067884286512431657e+01
6.520659849447392276e+01 1.777942181248809206e+00 1.990368099518806488e+01
6.233288244459555472e+01 -9.244921092955560304e-02 1.792693160457935164e+01
5.911186365666566189e+01 -2.158316843334266988e-01 1.664454434423360496e+01
5.386967954775413148e+01 1.903105333023544787e-01 1.387835040100478423e+01
5.028110504684113380e+01 1.085116686193623448e+00 1.264367091164146117e+01
4.687485478124963123e+01 1.059070460450862505e+00 1.025875023677982867e+01
4.591857227649212803e+01 1.301621570558457508e+00 1.016880925612434794e+01
4.489302582473631986e+01 1.729668562362296491e+00 9.236689196887933662e+00
4.405333533387049982e+01 2.096607130616154002e+00 8.681528382573045377e+00
4.288971204161316564e+01 1.933223776851900277e+00 7.896257844974712725e+00
4.276673168280458981e+01 2.207211106027115566e+00 7.389605850735257775e+00
4.266367983700948230e+01 1.977011227771614088e+00 7.116832115678832338e+00
4.233352114167576019e+01 2.742487962590285822e+00 7.396124766052103894e+00
4.228950156703403707e+01 1.991202937655141891e+00 7.389331550615128918e+00
4.151144100375368140e+01 2.674678155720105366e+00 6.032308949994501290e+00
4.090199624186359983e+01 2.989072969707340377e+00 4.680383550946551452e+00
4.134211777788275555e+01 2.615657345294673863e+00 5.911449329394839580e+00
6.503744760045137241e+01 1.093064698880544583e+01 1.592522311437828719e+01
6.744537891662216111e+01 9.191438985277622820e+00 2.228808744204599890e+01
6.837515342096240545e+01 5.215490534827061708e+00 2.389620999489258679e+01
6.784398541857612486e+01 3.215665836359353325e+00 2.267558348953059522e+01
6.449266416846172945e+01 1.338688937083423847e+00 2.050384366664440705e+01
6.291842851018878946e+01 5.365080217685758157e-01 2.012126820689773510e+01
5.933622652671006392e+01 7.061509771563079241e-02 1.752264544743316677e+01
5.383911216845902459e+01 4.896089770232699978e-01 1.428280029724462352e+01
5.037915556889942081e+01 8.450844329804350075e-01 1.261083027254888478e+01
4.655998744979594761e+01 1.386025900448406123e+00 1.060248700139705491e+01
4.484615261459538971e+01 1.550203001221144516e+00 9.498777217538250994e+00
4.498000803103403200e+01 2.316725281731229824e+00 9.184697797275106268e+00
4.374297566144080207e+01 2.458782522944386262e+00 8.674894178929168476e+00
4.307673601641101158e+01 2.260676543022333451e+00 7.894346593047412597e+00
4.299343133569160358e+01 1.901689533527122444e+00 7.737540814135282830e+00
4.170693789529907036e+01 2.400543546339855006e+00 7.916162192345485238e+00
4.198272352476820402e+01 2.763770438578879940e+00 7.095393179903982883e+00
4.231698686733655279e+01 2.417171956065103267e+00 6.733363977201527462e+00
4.183611359833555099e+01 2.529806063826952389e+00 7.026061717474824775e+00
4.111798157581976199e+01 3.423113718918475712e+00 5.718700765612251047e+00
4.161614835861874440e+01 3.315589229481503253e+00 5.713380981459732055e+00
6.517292396227207973e+01 1.067729934502556333e+01 1.558789993193511236e+01
6.862007105442020816e+01 8.985263040381330057e+00 2.237821487107834173e+01
6.847324339328170595e+01 5.228867779527126558e+00 2.367914753558205376e+01
6.771315433821609986e+01 3.286326452162007694e+00 2.233695376879872185e+01
6.555586543150960210e+01 2.012786065885103781e+00 2.115211691436227781e+01
6.323213846433291963e+01 1.148555745372727088e+00 2.048269078853814662e+01
5.970443147309796927e+01 3.599385244304611486e-01 1.781214785649920174e+01
5.414291888828020660e+01 2.108203309567232564e-01 1.445919310650676692e+01
5.086236508805971823e+01 8.813478696304213322e-01 1.324536787784056102e+01
4.694561034101681685e+01 1.269214379934409997e+00 1.080367127995052812e+01
4.571354595652525177e+01 2.163521225763536560e+00 9.578005660976035784e+00
4.498120812600150487e+01 2.023442964098644659e+00 9.346970405152625005e+00
4.415672641135457610e+01 1.697356650140583900e+00 8.548806066845543228e+00
4.339426913246199291e+01 2.384439864186973068e+00 8.245091057618168406e+00
4.271172143111215291e+01 2.153927849092373226e+00 7.944348256477898218e+00
4.242539943521868651e+01 2.390764666963212992e+00 7.169280055412706076e+00
4.182691064342692755e+01 2.790907915817717466e+00 7.083440259781628612e+00
4.203678876407698795e+01 2.427627425814289364e+00 7.272921110213204088e+00
4.213233431857284472e+01 2.458449301069482562e+00 7.529984167603132050e+00
4.113977679308342772e+01 3.279743763500678977e+00 5.793192232492257787e+00
4.059019218348502989e+01 3.339043210459652578e+00 5.232765584976659667e+00
6.514497406696455073e+01 1.085476435128324546e+01 1.660271315284842331e+01
6.761541780286141545e+01 8.988550608869497083e+00 2.327284062190127401e+01
6.812164008484629107e+01 5.406543687762209061e+00 2.504102495959657659e+01
6.801664196763019277e+01 3.506457657679483919e+00 2.427305540961279462e+01
6.576119170398281710e+01 2.710325165994751817e+00 2.316613074247628390e+01
6.421247581930627746e+01 2.246071897601762402e+00 2.272186423993828441e+01
6.167931126938950115e+01 7.418457724552085519e-01 2.116806488069565617e+01
5.645327061997676310e+01 8.414229258299797953e-01 1.758752594670588820e+01
5.241756316046027564e+01 1.300858692303386466e+00 1.466367255022168337e+01
4.851260612519607207e+01 2.004178073692481910e+00 1.211368448675594323e+01
4.571352538074564364e+01 2.011443065129902230e+00 1.012327867443976714e+01
4.570164863941031541e+01 2.434725382900605251e+00 9.936805194063968116e+00
4.511227944754489272e+01 2.248385881975937028e+00 9.448348822265973723e+00
4.413129795165980340e+01 2.485931885522098206e+00 8.773256636062953362e+00
4.396799370921426942e+01 2.509383770601829156e+00 8.756547796976665410e+00
4.353738119764241077e+01 2.324451920643225922e+00 8.267151924972729660e+00
4.268379445999392630e+01 2.944674786151472379e+00 8.764355905934149149e+00
4.344415799759810426e+01 2.781275672889646167e+00 8.241836375219083521e+00
4.310632099463112610e+01 3.050569526289380828e+00 8.052635673467690935e+00
4.200937969900922297e+01 3.543700147563803693e+00 6.266939757896508922e+00
4.213047856888263709e+01 3.857283576532144043e+00 6.098039796613210939e+00
6.373823640537980850e+01 1.028261539389090373e+01 1.738432363589961938e+01
6.760200799183937193e+01 9.276340179023511823e+00 2.598503643466668223e+01
6.964905896579583100e+01 7.145088981935808548e+00 2.865035442229435603e+01
6.932602182478218822e+01 5.893057026703560908e+00 2.799249844561923339e+01
6.842930531197629307e+01 5.472547917549475116e+00 2.761342866991726197e+01
6.712239093827564318e+01 4.511354485169809081e+00 2.652631990470702306e+01
6.490145099461302891e+01 3.043655684539765982e+00 2.513454200630638979e+01
6.032562671109357666e+01 1.646250283282653326e+00 2.163946706022961664e+01
5.628234683232507507e+01 2.477041604572087330e+00 1.831856493058573676e+01
5.034374037836751370e+01 2.298910347092150808e+00 1.367501338438858127e+01
4.890399056455707694e+01 2.359254589733482010e+00 1.281548753677647312e+01
4.835256463823525053e+01 1.935890501656381435e+00 1.239059389112611598e+01
4.714001508225218373e+01 2.564179433424145227e+00 1.105458941863895106e+01
4.633021917831126757e+01 2.557255548743074147e+00 1.050073198498301608e+01
4.657906687548702251e+01 3.495325010591880499e+00 1.015355418577759394e+01
4.566742678353664076e+01 3.600623006947865967e+00 9.872845113638490488e+00
4.524644848626479643e+01 3.358882149840189069e+00 9.488336721599790025e+00
4.573633577511747461e+01 3.380338783821875470e+00 1.018358645050652811e+01
4.478986684354762815e+01 3.702052043406933723e+00 8.859100160123709600e+00
4.323858275073458657e+01 4.131850438962578309e+00 6.811330095607466717e+00
4.378083709826784542e+01 4.129860477310293376e+00 7.410766203713624378e+00
6.388514737117588993e+01 9.013232524965310688e+00 1.884018560365755945e+01
6.865593896583823152e+01 9.562243634990034380e+00 2.850113409277376775e+01
7.069987931952762494e+01 8.831359542025348119e+00 3.063559418824400638e+01
7.173754598865068033e+01 8.512632585127548168e+00 3.170587049724466766e+01
7.037187408260970756e+01 6.129219428134272007e+00 3.071076897946675643e+01
6.970266733727872577e+01 5.727839278860647809e+00 2.953363293254442823e+01
6.747959026502215352e+01 3.930124250910939754e+00 2.761972905258016908e+01
6.179179642582917609e+01 2.309729356205400652e+00 2.287992651182347714e+01
5.842136600707291905e+01 2.526844141174008129e+00 1.999644553183317441e+01
4.952463429568217634e+01 1.811012985647052709e+00 1.197936546029805172e+01
5.187257051438444933e+01 2.717956631494802267e+00 1.473628328118247666e+01
5.057976086687533268e+01 2.897673394110040768e+00 1.356687051512617970e+01
4.985838692341019396e+01 2.535533360582799212e+00 1.300189429619939219e+01
4.907349910437311280e+01 3.388484273281054282e+00 1.239261314577186823e+01
4.912238814437839096e+01 3.757646423319564999e+00 1.215204606452361702e+01
4.883374685852312780e+01 4.020355641856264484e+00 1.180228633791924864e+01
4.823153827221464951e+01 4.214893099977267354e+00 1.124143931436137223e+01
4.776956846022869740e+01 4.513596993316793871e+00 1.068636103245952995e+01
4.689520209458786582e+01 4.467824798520940277e+00 1.027300941873349771e+01
4.483130722084710129e+01 4.833264964172741429e+00 7.634572752479130031e+00
4.521910067057662985e+01 4.379299379726262487e+00 8.226737101877237279e+00
6.443506623338910799e+01 8.306132506180658126e+00 2.125752757561108552e+01
7.189838086729106692e+01 1.110141590812264312e+01 3.239029582525857620e+01
7.672606467622016169e+01 1.136365443876436387e+01 3.693976778060500976e+01
7.557922524887707993e+01 1.026261942433112040e+01 3.553978105711007629e+01
7.425842133874256490e+01 8.277221866140326512e+00 3.365272546113722285e+01
7.357262742683714407e+01 7.111247064581874611e+00 3.259762556680023238e+01
7.301462955438577751e+01 6.360388031163266120e+00 3.162319201188426376e+01
6.492710466329543806e+01 3.004212021532107979e+00 2.385822709641822570e+01
6.528377959801441932e+01 3.389041165855475324e+00 2.467108530041417680e+01
5.833621160391452065e+01 3.496615286586534310e+00 1.879538176007971728e+01
5.530242578613729165e+01 3.291893537769712719e+00 1.684173648111258004e+01
5.432593093716961619e+01 3.973038033388071710e+00 1.562409669129944234e+01
5.288161781211060486e+01 3.823464451660266938e+00 1.469505121173434148e+01
5.215247358663479815e+01 4.515921406637287916e+00 1.434549806754730383e+01
5.224367301074754266e+01 5.437215826826584220e+00 1.397637100019846912e+01
5.080325791397399371e+01 5.342519890121499415e+00 1.291579828309130562e+01
5.059940624221131600e+01 5.412879635406047996e+00 1.255878647409234361e+01
5.020185433162087918e+01 5.295208665639393075e+00 1.196048851711567451e+01
4.925522624850225384e+01 5.325014162373454596e+00 1.140233130113820081e+01
4.682441525935236371e+01 5.607381357252821275e+00 8.409715986689455747e+00
4.779169500360734446e+01 5.465202762331044184e+00 9.476560326975761228e+00
7.342323021558401308e+01 3.835019051873254536e+00 9.532104677033188977e+00
7.547874236164034301e+01 1.650489534516928591e+00 9.542656657362076800e+00
7.576827703949484771e+01 4.562681929203802333e-01 6.906723649599690873e+00
7.497188571931636147e+01 -4.796512607594518585e-01 5.337056317027123242e+00
7.344161982862109994e+01 -1.056760772438269713e+00 3.655058501870085408e+00
7.193640197943619796e+01 -9.496936954695767152e-01 2.529407735666948653e+00
6.807990440928236353e+01 -1.490948940317301519e+00 6.311663123082063009e-01
5.943815838727736889e+01 -1.837204743115699923e+00 -1.078085129580111712e+00
5.529242382480832418e+01 -2.295145326261637475e+00 -4.103561124006898098e-01
4.996494973552042040e+01 -2.461487264963994726e+00 3.437808002139313146e-01
4.700307966221399170e+01 -1.860702815746739347e+00 -4.775466905642691273e-01
4.588899453366170889e+01 -2.038621155613045133e+00 4.408846128296080025e-01
4.520273846366897885e+01 -1.640946830293047221e+00 6.773642151660013155e-01
4.404003036001201821e+01 -1.861318077825257156e+00 -2.186980086128720302e-02
4.367423906465481309e+01 -1.985745990977524134e+00 -1.178013526105328168e-01
4.306682727100668728e+01 -1.912545727321462774e+00 4.776078150906517550e-01
4.279645048960168907e+01 -1.331113360517739208e+00 -7.880111111516061584e-01
4.227434531863588774e+01 -1.898823027442666511e+00 -2.345001365399390636e-01
4.172802045549479288e+01 -1.648418345325488144e+00 -4.676529089128216299e-01
4.206876147269524324e+01 -1.288977437476148902e+00 1.146043875307160675e+00
4.168562894736061253e+01 -1.443980768051907226e+00 2.957539529061357086e-01
7.400051755468491876e+01 4.560614551923048765e+00 9.822959975369659702e+00
7.325279242554783821e+01 2.227113794213075426e+00 1.068297079492218060e+01
7.464909312156585486e+01 9.993983656584899400e-01 9.115239652524731895e+00
7.463691198711582331e+01 1.740776871109643853e-01 7.519202841721085662e+00
7.380074655148354168e+01 -2.024419157074730524e-01 5.629207610156420571e+00
7.218787658061503976e+01 -1.442259663264539471e+00 4.745457079066227379e+00
6.963968187968630730e+01 -2.186802256871323902e+00 3.527357539435470812e+00
6.390744218296669032e+01 -2.645133935620250565e+00 2.196457794561863963e+00
5.761586708606024843e+01 -2.701123169174317606e+00 1.251642252380118947e+00
5.118704338141579058e+01 -2.306006080974127403e+00 1.182209230923669807e+00
4.870557916845389457e+01 -1.836302569092715942e+00 9.206504355167890452e-01
4.659531437039414925e+01 -1.835409398382727320e+00 1.848376883857456576e+00
4.535162775277076719e+01 -2.258514892770353111e+00 1.052918585618790814e+00
4.489824199353159173e+01 -2.051171646988900310e+00 1.030975055788395878e+00
4.456275009211548621e+01 -1.983081810405617595e+00 1.553227015043303183e+00
4.404859061805878184e+01 -2.525754325670157563e+00 1.862360007815516028e+00
4.356623740234918785e+01 -1.925502840037019325e+00 1.518387726838362539e+00
4.319549572185471931e+01 -1.684504582980129506e+00 1.596557283206303524e+00
4.284855584182880506e+01 -2.093210960415267774e+00 1.197330697777164943e+00
4.279736357387667312e+01 -1.330993435735209340e+00 3.528211238233774694e+00
4.254925988915866952e+01 -1.481176458388140826e+00 1.993721645175902779e+00
7.268945491308065243e+01 5.192775888873446988e+00 1.130432558293794543e+01
7.401424952623639797e+01 3.496140607576947001e+00 1.204316136211340194e+01
7.424002980253247586e+01 2.185017859071243240e+00 1.109129836311714712e+01
7.407413756585160058e+01 1.171512400449764346e+00 1.011452435167758779e+01
7.341047806034107737e+01 -1.971155310736374400e-01 9.497019172311226498e+00
7.253079074597454223e+01 -8.585427768417166483e-01 9.273592093731384267e+00
7.072643799616861315e+01 -1.576481191411641225e+00 7.181500385243378304e+00
6.564121877674337213e+01 -2.675478564355950439e+00 5.399950770231759734e+00
6.008680567648337956e+01 -2.572652504177128652e+00 4.163476707566459822e+00
5.310995845996855280e+01 -2.391149186233981982e+00 3.714472899604610134e+00
4.990645599851298186e+01 -2.247952378143826646e+00 3.248431676890348285e+00
4.819496719529705331e+01 -1.838874470286269158e+00 3.457910294756622704e+00
4.746065619606721953e+01 -1.847325664883910257e+00 3.400951014462570754e+00
4.629464886091102471e+01 -1.982226285816810485e+00 3.016635305442243009e+00
4.590739369752020593e+01 -1.483120308431481682e+00 2.736337979314107827e+00
4.521350863117067576e+01 -1.890482453863162160e+00 3.366946477124066917e+00
4.463557845257078327e+01 -1.469852763461265033e+00 2.972417904872568073e+00
4.059342064231999103e+01 -1.561751553325183561e+00 4.934488191850030958e+00
4.375666534138218111e+01 -1.606202086529324724e+00 3.076489858263432353e+00
4.400997656852162976e+01 -9.637435140624532881e-01 4.433739737173411299e+00
4.384702759428617469e+01 -1.266711366029870778e+00 4.304058803443471248e+00
7.088509566081428659e+01 6.006650808532302932e+00 1.244902471594672022e+01
7.231246135894463123e+01 4.631638085267878679e+00 1.394033455959937129e+01
7.320223131320256016e+01 3.072046072227553548e+00 1.335818542501248274e+01
7.313999781256033828e+01 2.018622026780433121e+00 1.345495879271866713e+01
7.285564370017749525e+01 7.065467928122162178e-01 1.334955155813439376e+01
7.236876076699597604e+01 -6.567058278691515483e-01 1.191662356941901280e+01
7.030342369698193750e+01 -1.357496930271391067e+00 1.031556077251905279e+01
6.680517284144646339e+01 -2.079078190283131011e+00 8.954241693410420311e+00
6.231669369574568407e+01 -2.894374531876648504e+00 7.092746804715233111e+00
5.317693815563116289e+01 -2.731557225861705351e+00 4.921640085837070799e+00
5.131673898752531215e+01 -2.402560788517344115e+00 5.540871251215397919e+00
4.941387663940838593e+01 -1.463224279991794052e+00 5.599788685231173346e+00
4.808114452594070087e+01 -1.818433110741097591e+00 5.332492475175953928e+00
4.745237168271030725e+01 -2.006118867807088701e+00 5.316518786992421752e+00
4.672930845136555433e+01 -2.054916916771892144e+00 5.576487366199696538e+00
4.629914077270795048e+01 -1.737553357542237942e+00 5.293599356185463733e+00
4.572113108586187735e+01 -1.319205639071979075e+00 4.609573301499462872e+00
4.210917429797126488e+01 -1.365562249660809968e+00 6.364586618689731523e+00
4.470389226875612820e+01 -1.422549748274156922e+00 4.720772507488151248e+00
4.541720946674463733e+01 -8.294741465840307360e-01 6.957900779866971419e+00
4.504684362434100819e+01 -1.029125660722989943e+00 6.747433073233349177e+00
6.939928665343160219e+01 7.384711462189549991e+00 1.230322347567819463e+01
7.003024784474922626e+01 6.380648337469947862e+00 1.376267905299191341e+01
7.227768184218858494e+01 4.551271823581911846e+00 1.720370165155898690e+01
7.162735975134047806e+01 3.134821021434639476e+00 1.773408760695393127e+01
7.235363293858715394e+01 1.508011862475785225e+00 1.665996305101321795e+01
7.277067892067461230e+01 1.211204958257817710e+00 1.684808455627534229e+01
7.118380519999249145e+01 1.443331110686603136e-01 1.526459982020594808e+01
6.820180127698714045e+01 -1.329578336113005799e+00 1.338381916296590646e+01
6.468130027834183693e+01 -2.189018935555322454e+00 1.192698762601662565e+01
5.817818821247523431e+01 -2.355675099943009609e+00 1.014836038618984304e+01
5.354442873880353204e+01 -1.921119521372525174e+00 9.184767122625068225e+00
5.154058717070152795e+01 -1.679759649205188499e+00 8.948758849868948317e+00
5.015291954677996955e+01 -1.325408598078596567e+00 8.327285550401274605e+00
4.898947065814427049e+01 -1.432580859778860738e+00 8.287245417612361109e+00
4.872766717703757422e+01 -1.529270722207743960e+00 8.862513027583606373e+00
4.845917731355248748e+01 -1.373847943185542375e+00 9.173450192582961904e+00
4.819369242475897863e+01 -1.297378048568052167e+00 8.629602584148990729e+00
4.758598881792219260e+01 -9.327506445897038034e-01 8.485042844761313319e+00
4.732732719429437651e+01 -1.219586033050544360e+00 8.790103360754134343e+00
4.714253226840344269e+01 -2.528121930413017582e-01 9.082856397230251844e+00
4.673670376478140298e+01 -4.325771645244880226e-01 8.653944953687489061e+00
6.704786001042943155e+01 7.523256418064546480e+00 1.185464572827111596e+01
6.778407860189460621e+01 8.118792604371474653e+00 1.460508166841668753e+01
7.180810886539879334e+01 6.225208431116707075e+00 2.041643465815736036e+01
7.126503939289789002e+01 4.988070967106832398e+00 2.143595510312997021e+01
7.134287004361544859e+01 3.383175621002803002e+00 1.997808706244100918e+01
7.143460400057406900e+01 2.486191226521505815e+00 2.025712520940765415e+01
7.067212694505461457e+01 1.958983989738963372e+00 1.932882037304602818e+01
6.856677954699753741e+01 -1.164610688895475477e-01 1.761943043614881432e+01
6.606485536040408135e+01 -1.183667159698247762e+00 1.652877688141783707e+01
6.011666073743640482e+01 -1.644173130775890002e+00 1.417177586481944118e+01
5.568559215793455053e+01 -1.761947476600873363e+00 1.244026326135539762e+01
5.312949911893154820e+01 -1.154901458158448690e+00 1.147380818505867950e+01
5.167628594579824153e+01 -1.031233041887176238e+00 1.122203944437821477e+01
4.996449146408119191e+01 -9.737612495297844895e-01 9.654761889412533549e+00
5.006717991219694852e+01 -6.060163767348130115e-01 1.131526390781360902e+01
4.981960896074605216e+01 -7.681578900582891611e-01 1.139315809336294905e+01
4.979314572684847917e+01 -5.513162310600946414e-01 1.147952491102267203e+01
4.959801275007738752e+01 -2.952632441155466081e-01 1.102330560295942874e+01
4.926143747270070605e+01 -5.841565849485120809e-01 1.083221932997695092e+01
4.849837117030817524e+01 5.326606903086285039e-01 1.124467243719549714e+01
4.837641092947288257e+01 1.254945639816911207e-01 1.092813984979685671e+01
6.546505478541618572e+01 8.806459316094363388e+00 1.179671578785530883e+01
6.701261229116722973e+01 8.546908560532296306e+00 1.657909273566243158e+01
7.024518975129198850e+01 6.393252386985677660e+00 2.273627833059983772e+01
7.004227045454793199e+01 5.198230813143732476e+00 2.274693527396427584e+01
7.003774609768781545e+01 3.760570517330144025e+00 2.210306842679066008e+01
7.002588989559073696e+01 3.325684963905245706e+00 2.220551406380461401e+01
6.998763793033775471e+01 2.832610403288476686e+00 2.104555231441772989e+01
6.863176622223718937e+01 1.719983152820607541e+00 2.108345187296784928e+01
6.654860901402990692e+01 3.264381407948386826e-01 2.029154648994193266e+01
6.149855880975196953e+01 -7.774064999646892460e-01 1.750968660692188550e+01
5.735781865637483179e+01 -1.079020627221381812e+00 1.541148914116895696e+01
5.558766284219028364e+01 -6.056037303791063087e-01 1.518909469766362363e+01
5.441603540300637576e+01 -3.400751579676767333e-01 1.508173800018869670e+01
5.327038096030656789e+01 -6.179851911036960965e-01 1.500179068370525215e+01
5.322765901325887228e+01 4.384477882365482859e-01 1.508372017622044226e+01
5.226853897652905800e+01 8.310671230560218170e-02 1.500968360134734780e+01
5.222233495024138961e+01 4.086618338964470576e-01 1.465205707498298793e+01
5.202689135843505142e+01 4.409786333414007498e-01 1.503491626970355455e+01
5.160664987492017985e+01 -1.848702432455839872e-02 1.474834597017943594e+01
5.087034122056378749e+01 7.438193432727340237e-01 1.427541486684013350e+01
5.125708075880024239e+01 1.086160054317355073e+00 1.405133925889660773e+01
6.484153496623709145e+01 9.148727452210939859e+00 1.258840494323976955e+01
6.703405894505205254e+01 9.618616149378292235e+00 1.830284742448375113e+01
6.954390411685344020e+01 6.863078393532708432e+00 2.330442863351208160e+01
6.958743592183034821e+01 4.888651847216305413e+00 2.326962804382797856e+01
6.978182106596311485e+01 4.012879236384284454e+00 2.313833401015558167e+01
6.981007889190350113e+01 3.635257440640574433e+00 2.291125852234609539e+01
6.979660829374489595e+01 2.914975967976023430e+00 2.320436392848423424e+01
6.926535561421169973e+01 1.940333991943137715e+00 2.312250495578349785e+01
6.702754206896372580e+01 9.229587185455323528e-01 2.176289498949951451e+01
6.318786663618138277e+01 -3.189009436297514100e-01 2.049587549767383976e+01
6.006216674473269279e+01 -5.547938488638373133e-01 1.924003264657497070e+01
5.622103798549976261e+01 -1.003821619268774334e+00 1.424828064739301681e+01
5.665797561446231612e+01 1.400496568894750160e-01 1.734580464677107869e+01
5.548495436059441488e+01 4.519785124763261441e-01 1.694147183212133356e+01
5.521284198427390777e+01 5.149168549419658181e-01 1.726684994367333914e+01
5.442109375264394089e+01 6.867129688821402844e-01 1.693809203844885403e+01
5.390039678271804746e+01 5.752163164972819986e-01 1.628272845163014892e+01
5.376369445087790666e+01 3.192269785795993631e-01 1.683068057688345931e+01
5.327001826853827993e+01 7.518045704971560994e-01 1.613858009231646662e+01
5.220344336165794630e+01 1.568205593397431263e+00 1.515618356919751974e+01
5.211725487227815279e+01 1.309837390795792533e+00 1.490653816586458191e+01
6.373340429974304300e+01 8.311153130070204398e+00 1.247731746682611487e+01
6.584683843970026373e+01 9.459042912953989912e+00 1.959841736824102654e+01
6.875890211558822784e+01 6.814919718643263735e+00 2.485300995734446872e+01
6.982930346471633243e+01 6.242272218991267607e+00 2.651709100618671044e+01
7.030799114143306383e+01 5.557001807294634332e+00 2.685925356303650346e+01
7.048131251708400669e+01 4.437523545400383185e+00 2.667699672970645963e+01
7.036653018427853112e+01 3.957746084742052251e+00 2.633761324619875666e+01
6.973417503822335561e+01 3.390742843426640452e+00 2.602242812770600011e+01
6.802797617950334086e+01 2.629113928362135422e+00 2.497468245273807241e+01
6.491821547565821504e+01 1.072536561839614544e+00 2.368545437498201522e+01
6.181379148055532369e+01 5.538406158371202981e-01 2.147925347350582825e+01
5.956476683086530954e+01 7.186841798751666399e-01 2.020556603470803481e+01
5.864839837649988397e+01 8.183092217385156131e-01 2.014740041731629816e+01
5.784559491106799101e+01 1.221913232713686570e+00 1.943489399963180730e+01
5.712083586729538354e+01 1.537921892353262709e+00 1.910725460803665143e+01
5.678946638575627048e+01 1.565458465574158797e+00 1.912666853839867542e+01
5.634117555814684408e+01 1.981512471360973082e+00 1.898338855517458157e+01
5.536934389674310353e+01 1.632476002874485133e+00 1.845927767643406625e+01
5.531162565422329180e+01 1.700984084136230479e+00 1.798319186323298879e+01
5.348738330397596030e+01 2.365775753009704996e+00 1.634821915666355707e+01
5.417294034375115075e+01 1.855355936201308342e+00 1.703373646270222963e+01
6.201131145075517281e+01 6.915376649841872947e+00 1.049352393687644991e+01
6.437764072756166911e+01 6.965353690247900076e+00 1.929324040861942535e+01
6.861887159635017497e+01 7.361624923824123812e+00 2.677068754546202456e+01
7.176876083116320615e+01 7.537711669422016314e+00 3.106084839317729518e+01
7.296128000245420253e+01 7.483956124326441639e+00 3.228335934513593486e+01
7.350644133726019902e+01 7.871972047515576776e+00 3.218818409311952422e+01
7.302606276010955355e+01 6.690444668333867639e+00 3.197213988696017850e+01
7.212730838818160350e+01 5.851542287704685208e+00 3.114068471530364945e+01
7.127180254040871432e+01 5.550271508713995772e+00 3.060591056445890246e+01
6.916306915036291514e+01 3.637676886845292668e+00 2.888069264460056473e+01
6.696715556741580144e+01 2.708715628058544489e+00 2.676187276786476588e+01
6.417958415798429428e+01 2.998706292914930849e+00 2.461126325557280836e+01
6.304978937148497664e+01 3.007795762251633143e+00 2.436436283033623340e+01
6.149201390895846941e+01 2.822410081045199970e+00 2.338692712684716213e+01
6.081962383763008972e+01 3.162485815836256542e+00 2.249969216941154571e+01
6.052414889990366476e+01 2.718649366302142933e+00 2.276944056363850422e+01
5.921796277023378252e+01 2.677954642523695750e+00 2.144495454948291169e+01
5.850226713251969102e+01 2.873094423461939773e+00 2.094740952893682007e+01
5.829111739674898729e+01 2.227506454716785100e+00 2.043795081738222663e+01
5.552136163171540773e+01 2.932674002501580723e+00 1.789988506134626789e+01
5.581653980378868596e+01 3.002240912817153440e+00 1.831328855050101723e+01
6.047497115684004143e+01 4.706396288538371664e+00 9.964935402220806537e+00
5.996836948096087383e+01 4.541733505867222576e+00 1.826306378307655365e+01
7.234516504038997198e+01 8.909923299682278142e+00 3.170588196483330279e+01
7.663980038736298184e+01 1.051970998979032679e+01 3.665037030959618392e+01
7.778290962886210025e+01 1.052448350307849445e+01 3.777497203024864803e+01
7.693710887482183125e+01 9.479004947988814322e+00 3.687352372267383060e+01
7.723128302522657407e+01 9.214490347698973238e+00 3.694036261787118747e+01
7.654957766670989372e+01 9.363486136116074832e+00 3.590556879704911353e+01
7.613049378310940085e+01 8.152913439550140140e+00 3.550151389673635549e+01
7.465347722573437750e+01 6.210622887505087064e+00 3.304762815816721400e+01
7.253422494027394407e+01 4.741393912722372761e+00 3.126651171424811082e+01
6.959407553440496486e+01 4.347061875658813079e+00 2.859559562893716844e+01
6.756229960077919827e+01 4.181545138678366413e+00 2.698810216490862501e+01
6.553462645688661325e+01 4.016949963500154652e+00 2.535864582225211450e+01
6.439005520053102316e+01 3.792049033901836896e+00 2.450431948920354586e+01
6.323012436465052133e+01 3.660169006850479967e+00 2.365181259045418471e+01
6.296537234869047950e+01 3.948149388528881865e+00 2.354634905560033786e+01
6.200055305383888538e+01 3.565775208709004662e+00 2.307684987967275703e+01
6.223112684277108997e+01 3.883644491404102617e+00 2.272302339898672585e+01
5.851152596168662967e+01 3.679454710756830504e+00 2.026535914559815410e+01
5.941467132655124317e+01 3.386066324118569781e+00 2.052102333593158079e+01
6.171057003086923487e+01 5.187174017459328823e+00 1.267209624759231446e+01
7.033841196398516615e+01 7.874052094281889680e+00 2.695088888625222978e+01
8.041853314221572191e+01 1.134832613893008713e+01 3.830614713459702614e+01
8.295760255678254680e+01 1.092868653752904251e+01 4.033094622291767450e+01
8.245667693308023161e+01 1.074920570427536326e+01 3.967227651129388022e+01
8.177982696211570612e+01 1.104557050934071505e+01 3.922149966630149720e+01
8.040915104991967155e+01 1.028541560884073469e+01 3.794624133107299713e+01
7.953363655635747875e+01 9.482101365377770819e+00 3.666973729656762515e+01
7.889361075036589455e+01 8.143306104627834330e+00 3.580523319998518872e+01
7.793953944610423434e+01 6.740133820002872866e+00 3.405572136554178542e+01
7.557869374288117115e+01 5.300394791523004301e+00 3.116769478901530022e+01
7.325640426724963561e+01 5.158605418156293254e+00 2.972299015870951422e+01
7.082068854290207582e+01 4.636613329092634572e+00 2.813426794596610137e+01
6.845919940678430748e+01 4.927140344963680363e+00 2.649848610839806895e+01
6.699497810695156375e+01 4.231294653203734768e+00 2.543776423947451093e+01
6.634657974770293265e+01 4.413905790789113937e+00 2.556109558599894171e+01
6.597321868941189393e+01 5.089535649771233849e+00 2.515341048163680426e+01
6.554209246259097199e+01 4.737169896640681444e+00 2.462202533329450205e+01
6.523657521381892366e+01 4.750009918866943792e+00 2.437216769387539017e+01
6.085152379719563953e+01 5.213639715854618828e+00 2.115672975785856380e+01
6.214672500018622259e+01 5.168614590643379358e+00 2.225930462568146595e+01
4.251764141316722601e+01 1.696915504954280118e+00 8.267623860045034689e-01
4.844061957174386635e+01 3.364312925088736694e+00 5.547057511781542161e+00
5.698367986458390533e+01 3.302006867146488833e+00 1.237087493989395881e+01
6.279944636512612988e+01 2.701846501748325746e+00 1.533306502447524267e+01
6.637877491328856649e+01 2.510867600224877538e+00 1.514954383566479734e+01
6.858897896674444894e+01 2.051094818526260077e+00 1.424969874840790141e+01
7.066905079353864494e+01 1.495714961953749755e+00 1.287016673290208146e+01
7.222323245600057362e+01 1.463516749469823353e+00 1.137714181894497401e+01
7.291823385732176632e+01 1.470396665942512504e+00 8.404676012125158024e+00
7.277669832200206201e+01 6.709676446116481507e-01 2.838651448834990987e+00
7.132030722238945941e+01 0.000000000000000000e+00 0.000000000000000000e+00
6.852260167265296786e+01 -6.947465904479102061e-01 -7.882863127263881609e-01
6.688489392546686929e+01 -6.830188175745945944e-01 -1.127495522519033955e+00
6.477217290219491019e+01 -1.372977039299656532e+00 -1.264569966468835460e+00
6.355630689490959639e+01 -7.681488623059942178e-01 -1.074011759533254562e+00
6.240068814641098527e+01 -1.406966764552690430e+00 -9.708046187228536184e-01
6.122282557570818540e+01 -1.040405192494676001e+00 -1.724211922418112053e+00
6.130076739399413555e+01 -1.009212837679454910e+00 -1.500254615940736613e+00
6.068015100631144776e+01 -8.695230922655321493e-01 -1.797080212378116215e+00
5.970733739346172797e+01 -9.867585312113180684e-01 -9.773490264331208266e-02
5.993404650116542598e+01 -9.147213514452048333e-01 -5.504673591231199481e-01
5.038963789188463238e+01 2.782358283143596012e+00 4.023012484674843847e+00
5.291611368466047338e+01 3.388782953502680328e+00 8.062721672722680921e+00
5.956994317790071136e+01 3.529726323440442126e+00 1.345022851139519915e+01
6.383531394861731201e+01 3.248143792437403032e+00 1.559623060659216875e+01
6.699469472012269478e+01 2.253524331323783603e+00 1.634373499313189626e+01
6.894922549778691234e+01 2.467319329931179528e+00 1.603048696143707375e+01
7.005942623176359518e+01 2.573573565518976647e+00 1.408831764443920420e+01
7.121093027651342311e+01 2.462887802784228253e+00 1.128638017634894553e+01
7.163049033482006678e+01 2.561334035032759804e+00 9.501175429611805612e+00
7.197163966147120107e+01 1.328602287950078731e+00 5.117693337200742931e+00
7.123471736528512110e+01 1.184461961411331643e-01 3.347242293378652533e+00
6.939842701036177175e+01 2.120958704233963932e-01 1.698670664760504323e+00
6.778297611258953737e+01 6.650126519484400589e-02 8.542112126366525615e-01
6.568984807087100819e+01 -7.095882504391477497e-01 7.124236715637657369e-01
6.486003735243417623e+01 -3.133588895029348897e-01 1.359015405307285818e+00
6.383066399647660205e+01 -5.221602417898003612e-01 1.082070034106928702e+00
6.304836548661248230e+01 -7.096449771185342481e-01 1.361567306412847955e+00
6.262392029683745420e+01 -6.842291810222220771e-01 1.886805431897547791e+00
6.247121943529107568e+01 -8.865027244669936302e-01 1.401926899390625536e+00
6.131274952005874468e+01 -1.035654300961863061e+00 2.767398535681174110e+00
6.124659536432163520e+01 -1.047346120261092528e+00 2.750710294091511798e+00
5.366788435165962312e+01 2.624978898378822922e+00 5.420471889993518033e+00
5.854409057361027635e+01 3.434615736122610841e+00 1.057702277274628244e+01
6.164985934163355807e+01 3.753762254711385804e+00 1.434736489103492474e+01
6.455225978515530016e+01 3.454404682292242956e+00 1.681881759318596892e+01
6.709639035781580674e+01 3.197060750601854462e+00 1.733973905830673345e+01
6.853696893131517243e+01 3.715323233311365936e+00 1.651330612255422636e+01
6.944154641398102967e+01 4.051163836036526078e+00 1.515639431904600087e+01
7.013950884096517768e+01 4.909764555785876894e+00 1.276324759653342866e+01
7.030527320418667614e+01 3.823578248361932275e+00 1.079203014497660362e+01
7.085848421271568043e+01 2.519678379866893803e+00 7.756946597940071797e+00
7.046416545917641372e+01 1.307778692331005743e+00 6.369169539119535983e+00
6.944413117039336214e+01 4.440923993731997754e-01 5.624520682619518652e+00
6.853104096388551625e+01 2.558842896212840667e-01 5.212403036257638789e+00
6.670241395376440607e+01 -1.210316135068363330e-01 4.174679276383756132e+00
6.534367046602827145e+01 -4.886488565539635065e-01 4.506639629709281891e+00
6.447453631874297741e+01 -3.279896277102449798e-01 3.804087125796533186e+00
6.341063135047534161e+01 -5.115218294639054530e-01 3.981205831720318500e+00
6.319347088282006553e+01 -4.435562671754849084e-01 4.120588903562499183e+00
6.282902435425108933e+01 -4.361416151329349233e-01 3.804026113975696788e+00
6.180550838511281597e+01 -1.149706922789596630e+00 4.826592111530965568e+00
6.144182255342722954e+01 -2.159315877185277177e-01 3.880743544019912505e+00
5.462985772491870762e+01 3.088906103034489536e+00 5.968563625503868764e+00
5.960940082885849733e+01 3.011267015160297156e+00 1.071459370585616711e+01
6.269699291517608231e+01 3.771027228537511267e+00 1.547709111199067067e+01
6.565729605998727436e+01 4.492881755570731883e+00 1.748617538632824520e+01
6.708265088251516772e+01 4.235899586820638163e+00 1.749647367979288504e+01
6.834581715939427227e+01 4.804998576965571644e+00 1.693377772261724346e+01
6.891442342982293212e+01 4.729712626381665785e+00 1.601721494088819142e+01
6.950813437339095913e+01 4.487779090406343485e+00 1.410903953350234374e+01
6.962359121559312314e+01 4.506818227555617895e+00 1.247910126427963107e+01
7.025546414966127884e+01 3.227000445060428380e+00 9.522546772084179878e+00
7.001850478189895455e+01 1.756016491111626943e+00 8.646448741195854382e+00
6.910776430894840416e+01 1.366577719591505646e+00 7.215193841890950921e+00
6.842516248132653800e+01 7.675513962749429542e-01 7.307768906381550522e+00
6.698412700573179279e+01 -7.176378101745495286e-02 6.860947103977593997e+00
6.575467350511456743e+01 3.637834413132714495e-01 7.006414996869175127e+00
6.498897383377152437e+01 -9.728613878380043545e-02 7.231952677757007564e+00
6.432759274095728586e+01 -3.354761769979641706e-01 7.533065461472123303e+00
6.352405242345835745e+01 -4.759106128021477478e-01 7.448326208641518065e+00
6.314493702578295142e+01 -4.248466435742597191e-01 6.726592261748656654e+00
6.216553587163116390e+01 -5.977778787897143342e-01 7.866146886567040752e+00
6.203278259748525159e+01 -5.677313515414903478e-01 8.047807463768286595e+00
5.767500916240041420e+01 3.696023386908195096e+00 6.013521466834991003e+00
6.123509444906110843e+01 3.842764118355113556e+00 1.076968935354106094e+01
6.309464862949057817e+01 4.539447522909979327e+00 1.436069603572542874e+01
6.519741015869553280e+01 4.990324011438703522e+00 1.662489402051956233e+01
6.646724071165073155e+01 5.980327685895884926e+00 1.717752429102325706e+01
6.719754002728787157e+01 5.766671820857890651e+00 1.714281294508321452e+01
6.791812809263588235e+01 6.355009463262938141e+00 1.692807153305453127e+01
6.829485338114913873e+01 6.217456419475482221e+00 1.584079342640231047e+01
6.824826152490615527e+01 5.599544890115208062e+00 1.460334927267140515e+01
6.890473145748347861e+01 4.277136400578573472e+00 1.324809979063066123e+01
6.923759288533130984e+01 2.807462263799798130e+00 1.232966659242169527e+01
6.877581543987413681e+01 1.686603444900528492e+00 1.196194448142286149e+01
6.795960309367538343e+01 1.124560307729809194e+00 1.164246107604667202e+01
6.694351910385944393e+01 8.046727037623624401e-01 1.118737071627222690e+01
6.602504167417069425e+01 6.728255368239439704e-01 1.067905948709285724e+01
6.538415368991553578e+01 3.398449231952003213e-01 1.041414675944275814e+01
6.465116504392756269e+01 1.661055422888979560e-01 1.010150700462902407e+01
6.412323403731954841e+01 1.209685095710122393e-01 1.035193756011064181e+01
6.364323606926102173e+01 -5.292699255424526683e-02 1.029288351880221342e+01
6.298606030600487315e+01 9.561415430122455206e-03 1.119604807424449078e+01
6.267974435840736191e+01 -5.300925237562628123e-01 1.095874032574009505e+01
6.004169869200578091e+01 4.160812790420754581e+00 4.985089172508152089e+00
6.162766682449165501e+01 4.308987217334776076e+00 8.735891793434543473e+00
6.242906394503029333e+01 5.088849966817905468e+00 1.263145822719404165e+01
5.376151689341871531e+01 3.191643180589396334e+00 1.182875500325688378e+01
6.292552519633406405e+01 5.052045096172625094e+00 1.501968250148371808e+01
6.586674536966178550e+01 6.705371645678777526e+00 1.780709095254537644e+01
6.631076062965833273e+01 6.735226694285982418e+00 1.832616842475025720e+01
6.650027483601682832e+01 5.901687001042009939e+00 1.765008291873863655e+01
6.674374053315904121e+01 5.401380288580186928e+00 1.664012480760085921e+01
6.770755730492248858e+01 4.688378514879472547e+00 1.581437618141765000e+01
6.798029693848343413e+01 3.519246279587364246e+00 1.568181500937719619e+01
6.791332717360680249e+01 2.335164746212782472e+00 1.483737827377240492e+01
6.750290883135390629e+01 1.712924585749322715e+00 1.496802567057052613e+01
6.697234277669781477e+01 1.493374762374695575e+00 1.449281824548275566e+01
6.610011255335231795e+01 8.720801917873115539e-01 1.407069690220155422e+01
6.597513763717758195e+01 8.453149803794555162e-01 1.384100485958475346e+01
6.524591695026269633e+01 4.040476960105754412e-01 1.377221889735315230e+01
6.467079158475804945e+01 5.905093710520454842e-01 1.376563495432931816e+01
6.422076055633658598e+01 1.461189961484481437e-01 1.375329795309761494e+01
6.391305823681378229e+01 5.975629402055302464e-01 1.505985873704741351e+01
6.383015842433259479e+01 7.619059862915424919e-01 1.405150502532192291e+01
5.947705627885655133e+01 4.212404315953323319e+00 7.753940651520334626e-01
6.020546376722791138e+01 4.518221897869180381e+00 5.673271377485118450e+00
6.107481229746288420e+01 4.411329704411812713e+00 1.035098238519114133e+01
6.310735548593868316e+01 5.869462578931058161e+00 1.480677417975226717e+01
6.377420266126443948e+01 6.042479807036427175e+00 1.685936256208583472e+01
6.461099064012623217e+01 6.170897141699548172e+00 1.808887300340120774e+01
6.491332658985763260e+01 5.626088777732169532e+00 1.804131463148223702e+01
6.550382452353846929e+01 4.975608895167441759e+00 1.824401293986064232e+01
6.606839493204380176e+01 4.166805182316590361e+00 1.874998994489960680e+01
6.690040785645159360e+01 4.203426407670907139e+00 1.787724392933011686e+01
6.735871447438044868e+01 3.767071358931456615e+00 1.875096435364838499e+01
6.761651750258093330e+01 3.678641147108677512e+00 1.858074586390115357e+01
6.742473875226288271e+01 3.091356048122554601e+00 1.898379414316928049e+01
6.744535475492634191e+01 2.587802540415611308e+00 1.923699050961500490e+01
6.684912340425624677e+01 1.914879728185067576e+00 1.926118917815929166e+01
6.619366721533987175e+01 1.823376661253753417e+00 1.928175549375209741e+01
6.617686771600557449e+01 1.462039853787136634e+00 1.928651584463455748e+01
6.563756658435490010e+01 1.240218273119978676e+00 1.901285408320342185e+01
6.569447166073874200e+01 1.110670084242767031e+00 1.893658771691398712e+01
6.538769523598882927e+01 1.386480869585490217e+00 2.015448709396446958e+01
6.501079573649622034e+01 1.751874539651596230e+00 1.963518961684125586e+01
5.684104115393147083e+01 3.655434383775417739e+00 -7.113520575186880635e+00
5.795340997208441536e+01 3.565264602897723734e+00 -4.560851401361816215e-01
5.993995496737048256e+01 3.975950001195302619e+00 9.076044655332395905e+00
6.119259131178583289e+01 5.299650586219923909e+00 1.336656733504591443e+01
6.183906693730575910e+01 4.878810125320960367e+00 1.543401472920280071e+01
6.249166682019820485e+01 5.061545977032778865e+00 1.658879081098856645e+01
6.361861410822011464e+01 5.083833802778563893e+00 1.763714348521702746e+01
6.534094447094362579e+01 4.660276344945089022e+00 1.940764373715465752e+01
6.680811977848509287e+01 4.785768371293139367e+00 2.128497865751836571e+01
6.797308489203585680e+01 5.380216686391293024e+00 2.287692769125595760e+01
6.862040623648357496e+01 4.262266654116064757e+00 2.426403575103422128e+01
6.905851842919386741e+01 4.449881473270259846e+00 2.414825256830454236e+01
6.895290404714660326e+01 4.200129656593549754e+00 2.472450003594016721e+01
6.828035831744014672e+01 3.821624986743242136e+00 2.553050263831578803e+01
6.918623561745991424e+01 4.237925078390670564e+00 2.567214644147641422e+01
6.917568907579713766e+01 4.042025618968823508e+00 2.592828720432957823e+01
6.905024690573274881e+01 3.798138243412296777e+00 2.608258024589666491e+01
6.865976204454346998e+01 3.188409924496459436e+00 2.564202735698808766e+01
6.866417847484565584e+01 3.337091129840015213e+00 2.614772234685879937e+01
6.817165864417222565e+01 3.560466693313795172e+00 2.542841273774151745e+01
6.795787733403962250e+01 3.316466221554084548e+00 2.606051961725299293e+01
5.513611179523184092e+01 2.430284206639457434e+00 -1.506717064652957561e+01
5.710376136424409310e+01 3.347348966307137186e+00 -4.838443332961543497e+00
5.842807357889449804e+01 4.112110263240914776e+00 4.703914421873328422e+00
6.014187791673160177e+01 5.332941819422121199e+00 1.101877387226664595e+01
6.155730852622133398e+01 4.933767416127025740e+00 1.399577344196634954e+01
6.310358629049126478e+01 4.842243045116859435e+00 1.654826935134119026e+01
6.452579086224515947e+01 5.446502351227145766e+00 1.924037240230242674e+01
6.708850468161426761e+01 5.786488225166513288e+00 2.294268387055212344e+01
6.878072214893265368e+01 6.360879138360635565e+00 2.534278628409892775e+01
7.105709487418050685e+01 6.597207239151764213e+00 2.890411149510052979e+01
7.173931136701241940e+01 7.523420509778278031e+00 2.961285666518140403e+01
7.220612742890590141e+01 6.347158877891775575e+00 3.062723171647349574e+01
7.272912427965971460e+01 6.565136141150599514e+00 3.118335969163830868e+01
7.269472541067950999e+01 6.515561136959750144e+00 3.107614952722340007e+01
7.294136491778100151e+01 6.335805996824323216e+00 3.208903721061174963e+01
7.307970195361342292e+01 6.111502984659612281e+00 3.189409203121026337e+01
7.261418913891625948e+01 5.757130602791747265e+00 3.133403313644288346e+01
7.231831482348117390e+01 5.165842666508298819e+00 3.100188116791954940e+01
7.255932444826152050e+01 5.863779258222258761e+00 3.162284846709270170e+01
7.146808564907270522e+01 5.811280801268422280e+00 3.016238455058546464e+01
7.119396409346754240e+01 5.810806589341659389e+00 3.022804684539654119e+01
5.433446439027453323e+01 3.682629131965589053e+00 -1.882660131631011069e+01
5.613799269730114361e+01 3.574685300924225650e+00 -9.235668172743643822e+00
5.963854903853852818e+01 3.759682314825174121e+00 5.559738734679589456e+00
6.244249805239408602e+01 4.195670248862610308e+00 1.454537828668198784e+01
6.453939842101205215e+01 4.739197544342353297e+00 1.963640731650908577e+01
6.644602833140218934e+01 5.944761595309454805e+00 2.309707571195566800e+01
6.838863991035728418e+01 7.110005055077108338e+00 2.551002601889729959e+01
7.167554589936653997e+01 7.621289609733524983e+00 2.961705886829930989e+01
7.476160418777257632e+01 8.845340697706280508e+00 3.344693309067790921e+01
7.711878293872656798e+01 1.020300691227750001e+01 3.641201434008227267e+01
7.754236609791082913e+01 1.049794129736029369e+01 3.695627128461459421e+01
7.686564661004402410e+01 9.771823269031772341e+00 3.612165475449460672e+01
7.742568268890644845e+01 9.248991520566743674e+00 3.667539445554718469e+01
7.752355711645176939e+01 9.101337818227742460e+00 3.630398727213319887e+01
7.741727359179596135e+01 8.643390247214153277e+00 3.600872697695461966e+01
7.726108311652933480e+01 8.353583491128087957e+00 3.592320830134504916e+01
7.704153099159748308e+01 7.757900230923398865e+00 3.532658009878874594e+01
7.664595859431159397e+01 8.086953682381347264e+00 3.543031897366155647e+01
7.646041949729510634e+01 7.804630319975652597e+00 3.485468189027814390e+01
7.455224303945917086e+01 7.119083368387132182e+00 3.287755601187969035e+01
7.517791277184893772e+01 7.702142826118132390e+00 3.383398957097405457e+01
5.549505793682104127e+01 3.951851296147904424e+00 -1.235932192218187353e+01
5.883316568563556359e+01 4.304880307168176046e+00 6.781431065510208356e-01
6.435856232131210675e+01 4.341312781154996969e+00 1.713506469012058986e+01
6.998487684597391478e+01 7.149536556216810723e+00 2.628512991294763879e+01
7.393157593032006503e+01 8.309543266950976559e+00 3.145879997209580381e+01
7.728204882932455178e+01 9.726048588830311203e+00 3.522241027765767996e+01
7.969913331485808783e+01 9.916762698562765266e+00 3.808442273314827275e+01
8.218074183287060919e+01 1.062397952571581961e+01 4.027813199324427984e+01
8.234813078271341169e+01 1.059724533458122053e+01 4.007031665132343079e+01
8.109685387658588240e+01 1.147266666117445233e+01 3.881058493775014995e+01
8.062753747715599673e+01 1.082392045059535945e+01 3.855425723998643406e+01
7.950403982544526116e+01 1.046263736746686668e+01 3.709249078827331658e+01
7.966412198978768799e+01 9.536043690672956430e+00 3.702238112699782846e+01
7.963534709842019765e+01 9.506904625739302617e+00 3.676948520517208152e+01
7.911203465430317294e+01 8.783605030814378267e+00 3.581066569821931722e+01
7.860541575529710201e+01 9.089474705922793163e+00 3.514911759894898324e+01
7.879726619086588357e+01 8.221301141938456070e+00 3.523104209906247064e+01
7.741568274688478368e+01 7.976990489647397098e+00 3.409713013577979979e+01
7.721353114524379180e+01 7.518195150201995247e+00 3.406376444777872337e+01
7.404580436516818054e+01 6.829287282777476875e+00 3.122697144910802791e+01
7.472633519727081364e+01 7.178076434291458696e+00 3.139529212786275281e+01
6.085021326803806119e+01 7.153875688748016159e+00 2.946893232185340494e+00
6.956871758860303601e+01 9.045119323548695078e+00 1.972735716854350230e+01
7.487046409628258914e+01 8.531804899897140970e+00 3.118410943112554179e+01
8.385467049684625351e+01 1.020655078422239548e+01 4.094492262626791046e+01
8.346914727250283761e+01 1.100164300098441394e+01 4.088322213456814325e+01
8.322348347283299574e+01 1.159599250594984809e+01 3.988094791303497288e+01
8.282461814094720864e+01 1.128600492109929121e+01 3.883569462475767864e+01
7.999312305061278039e+01 1.142332984565264375e+01 3.602699713675404070e+01
7.737205539293522349e+01 9.679368446746883237e+00 3.360839286161634476e+01
7.415815944257502679e+01 8.063206416736880655e+00 2.961482571774021011e+01
7.291372467248056921e+01 6.812795848827228440e+00 2.831377901147488529e+01
7.185280178512662985e+01 6.277071033620119422e+00 2.728109538230636844e+01
7.224391861515039182e+01 6.137772076680642286e+00 2.766865496259417512e+01
7.176865545201647478e+01 5.843936204524091238e+00 2.715654542588588782e+01
7.131897201149295995e+01 6.413015634877956117e+00 2.677367720991970401e+01
7.073517858165314465e+01 6.057483816811433996e+00 2.656551985094421298e+01
7.036841231891554571e+01 6.033660941383583776e+00 2.624400379809290484e+01
6.964978538604407277e+01 5.537382312823206476e+00 2.570749933631642392e+01
6.989479796043187321e+01 5.841500997169678300e+00 2.652994694183664848e+01
6.781133964338410181e+01 5.425913523575609076e+00 2.471415778187466117e+01
6.806936964963770720e+01 5.442750457522480545e+00 2.553381079778472440e+01
4.061354574868435918e+01 1.399845031477066903e-01 -2.689959496440931019e+00
4.867269122423118688e+01 8.082795171004255597e-01 2.879065277849338855e+00
5.502775639090525317e+01 8.585302422320999494e-01 7.929538677303213490e+00
5.692769742703073632e+01 1.024893493403135292e+00 9.995658297753443833e+00
5.790845872122004323e+01 1.636367695389822963e+00 1.098646872898993365e+01
5.869508102654783954e+01 1.598579210273610496e+00 1.239415111114203683e+01
5.924689772359157303e+01 1.614667990892522997e+00 1.314235792218593701e+01
6.077447444137031596e+01 1.673900036686328141e+00 1.482731618672824325e+01
6.247959661530745734e+01 1.185100529037859340e+00 1.650203867674785130e+01
6.537745650119015295e+01 1.041410537066011610e+00 1.732497220792518178e+01
6.724048002520905243e+01 1.992393559083183163e-01 1.749518321853308223e+01
6.860517241747729145e+01 -1.929208325927089795e-01 1.686793717192472286e+01
6.937061654621977880e+01 -1.143844479320480945e+00 1.546475204497952305e+01
6.953967286543114312e+01 -8.511969200148832293e-01 1.428183903811446243e+01
6.910582179867377306e+01 -1.086488181682750298e+00 1.289178233646719107e+01
6.918575686414284576e+01 -7.401222461445318146e-01 1.244975149489411592e+01
6.875829940386120143e+01 -1.516374352125508640e+00 1.175955232851420718e+01
6.787188146237335218e+01 -7.269487970220331885e-01 1.159476782599232081e+01
6.749197238135326415e+01 -1.553813410948648555e+00 1.081903489725933909e+01
6.731708079749655838e+01 -1.477024559080882815e+00 1.023251905011597529e+01
6.664559649747231163e+01 -1.286442178842808204e+00 1.069197821130307702e+01
4.190854617621987188e+01 1.956053790678521920e-01 -2.222596729533972137e+00
4.902407815389190660e+01 1.163920475392169696e+00 2.854338408025101970e+00
5.634979412367871987e+01 5.281529121600567755e-01 8.546942818793596075e+00
5.830077981638031304e+01 1.070652499375283728e+00 1.046902032372144831e+01
5.935895767664528933e+01 1.424179405563630985e+00 1.169743896437844199e+01
5.982904529608954647e+01 1.670307271815335559e+00 1.222589711498244469e+01
6.025531137458324338e+01 1.966627346877299676e+00 1.343007566934853969e+01
6.138312518848709942e+01 2.384698623409100104e+00 1.590792216376940615e+01
6.302116004596825860e+01 1.866764773344300909e+00 1.759912738025284185e+01
6.590573876164303613e+01 1.646311319185027155e+00 1.925674169947277292e+01
6.780338166831306523e+01 8.574985845849458777e-01 1.920301178430288758e+01
6.905348703439008773e+01 3.523147496147926994e-01 1.804846362008811056e+01
6.955742340138468194e+01 -2.000681840682076995e-01 1.730005051118881809e+01
6.973686281179493562e+01 1.896487831208408803e-01 1.533715097126635030e+01
6.896267128534169899e+01 -2.415085147137248089e-01 1.408681937596691114e+01
6.931947580260712982e+01 -7.042904026059313427e-01 1.317928630315357452e+01
6.940970070820741000e+01 -5.117313533233256440e-01 1.337527463620914503e+01
6.871113126939650328e+01 -5.049200499858603752e-01 1.301771050331028334e+01
6.837942144225026198e+01 -7.692834628939382302e-01 1.200356868180349323e+01
6.778417004245702060e+01 -7.899616052819393719e-01 9.633125747198445055e+00
6.744894213032625885e+01 -6.987317471542429104e-01 1.051835977551407453e+01
4.217224101290011617e+01 7.476701439892547985e-01 -1.550684804572675546e+00
5.011759412377591616e+01 9.766812099001794811e-01 3.435474708927378273e+00
5.707838334130444480e+01 6.735553558208363656e-01 8.587089654029703922e+00
5.921698974920023772e+01 8.251103520467601982e-01 1.075207161545349521e+01
5.991527507751018788e+01 1.661019207742967296e+00 1.178551833374756086e+01
6.074903462621614381e+01 2.379444007475992162e+00 1.323439073975949043e+01
6.086223449430147525e+01 1.965619840496278137e+00 1.462914823407631815e+01
6.218145761622919565e+01 2.888465352049658375e+00 1.656847371339245356e+01
6.340498709653009257e+01 2.958741451058033434e+00 1.862678226205483156e+01
6.595152072347426042e+01 2.622947035120868353e+00 2.062614905065688831e+01
6.761499917685408434e+01 2.445317515336553615e+00 2.070425261645470982e+01
6.863648141684865323e+01 1.558016214132774468e+00 1.900449991252206061e+01
6.924511833252795157e+01 7.706728079832385614e-01 1.796836763292647987e+01
6.956025016620191082e+01 4.740491653350964452e-01 1.703454006978715185e+01
6.941171915230252409e+01 7.697698150199492328e-01 1.522810395982715193e+01
6.930935184443437436e+01 4.272602199231525510e-01 1.457178951094789809e+01
6.890930854470555289e+01 3.011829213034884489e-01 1.427289833947900988e+01
6.890351356605154365e+01 4.644932291531798096e-01 1.450117382054259352e+01
6.845796886877124621e+01 4.248587611578935608e-01 1.397876728923689527e+01
6.779315429618287681e+01 2.868817254731019784e-01 1.195682439116844620e+01
6.760769369631688619e+01 4.987557229250152435e-01 1.269960175664855839e+01
4.650076849186924477e+01 4.921035155836609998e-01 -6.540385700766471189e-01
5.212237808242844039e+01 1.510639900049325579e+00 4.242805426630800625e+00
5.818209307944815123e+01 5.552117384319760207e-01 1.073018606530897046e+01
6.042329933047082591e+01 1.255855717335814248e+00 1.150789432710662652e+01
6.124360034619965631e+01 1.895441275599998976e+00 1.246160841209438530e+01
6.148791763435035307e+01 1.983231237200816066e+00 1.353205811520598800e+01
6.201126339564306988e+01 2.217304401395899571e+00 1.565341562885031479e+01
6.272555683466178778e+01 3.057567827543612449e+00 1.765307163842297555e+01
6.379818347844594939e+01 3.258182531325156894e+00 1.929593034659960438e+01
6.579741932827887752e+01 3.556884062697549087e+00 2.096121559610538654e+01
6.725553146818857897e+01 3.869823825138366313e+00 2.115187662152596104e+01
6.830545401858478272e+01 2.733153433692171674e+00 1.901176198129676465e+01
6.925881103437755826e+01 1.801962921597098921e+00 1.870385036047775174e+01
6.918762813205194107e+01 2.236510184461901307e+00 1.680467629796934759e+01
6.902397467693610622e+01 1.703404946531809960e+00 1.684222344927289328e+01
6.832064384245785504e+01 1.487871171166516904e+00 1.616006379691198092e+01
6.861700472155806096e+01 1.097883485195655151e+00 1.559576781882460494e+01
6.858319572132641895e+01 1.043348202086213483e+00 1.541300893691308715e+01
6.855146403545796829e+01 1.073070621836951677e+00 1.499249583127222607e+01
6.783437872819848735e+01 6.311846224585797582e-01 1.316619405686844857e+01
6.778885630255845740e+01 9.497541387556958092e-01 1.344417954483068200e+01
4.983617305991299418e+01 1.381420088778972932e+00 3.771122161790696481e-01
5.379955169274866478e+01 1.075687490828233894e+00 6.042154750178772460e+00
5.908737627452882180e+01 1.566651921074931675e+00 9.350236800554384331e+00
6.096133210523285584e+01 1.186450996426683169e+00 1.202470253506606213e+01
6.175189711751926325e+01 1.694343571908095480e+00 1.203866524408034167e+01
6.219180687545697594e+01 2.018679511939411864e+00 1.407583010113771493e+01
6.250084787535836028e+01 2.725564098296829663e+00 1.531177302302975818e+01
6.308713772776054896e+01 3.202871481448912760e+00 1.680218584103162627e+01
6.383017611871984798e+01 3.559895785297657156e+00 1.856321135331629080e+01
6.519317088735560617e+01 4.144151018786756069e+00 1.962979791978322197e+01
6.661885492776639239e+01 3.797397296996603888e+00 2.068083567949230428e+01
6.745448069014649661e+01 3.878585337466389671e+00 1.899639766505659821e+01
6.770179471515021419e+01 3.404167779941983163e+00 1.828380004330951536e+01
6.775269127162555094e+01 2.784267482604206201e+00 1.695678212494557258e+01
6.762891876241020839e+01 2.312893716801113442e+00 1.666755192425083365e+01
6.799035778734734947e+01 2.293946209466833253e+00 1.668279839677769516e+01
6.789985307861820729e+01 2.130102113169132227e+00 1.652685260892837960e+01
6.804280888738136923e+01 2.261657556867456176e+00 1.557351579722557489e+01
6.727253288288044075e+01 2.142648164107039843e+00 1.585319977604263997e+01
6.759283197593644843e+01 1.997022245405887242e+00 1.478949085067820945e+01
6.707408931711609057e+01 1.489743245225636503e+00 1.477650970216750537e+01
5.333721947325834378e+01 1.090888388045179846e+00 2.604806210501497077e+00
5.627699174631165135e+01 1.358994018351268096e+00 6.734808206522199470e+00
5.959382198749730719e+01 1.345042055589082741e+00 1.017684033179827097e+01
6.127793907782073290e+01 1.454128794735044750e+00 1.149808465962279413e+01
6.190051403790165807e+01 1.850144603466400195e+00 1.250239538058503896e+01
6.256119814127896461e+01 2.131630775301993186e+00 1.392277551421244652e+01
6.245783149436654469e+01 2.451220623775743679e+00 1.461692911228592351e+01
6.268975076652992584e+01 3.344767490133375265e+00 1.571880270379439182e+01
6.344838312839389971e+01 3.637264221710609480e+00 1.667766031959380513e+01
6.429221172229280512e+01 3.390050741990595196e+00 1.741715123816545585e+01
6.532642086896912303e+01 3.412214144624781564e+00 1.834691800410598717e+01
6.563240355758550493e+01 3.249351363156537165e+00 1.685698201264911944e+01
6.610186058199788306e+01 3.683680793996476854e+00 1.615028523359842438e+01
6.585253444448947846e+01 2.193448876565784023e+00 1.523532433468724534e+01
6.614733231990133788e+01 2.590606684986654695e+00 1.563809458661399177e+01
6.583517825403886548e+01 2.369745337802415808e+00 1.498413788454427831e+01
6.618438831777569931e+01 2.607436852000768024e+00 1.507541417294344299e+01
6.603941797154968185e+01 2.549647343911514152e+00 1.508563868688390031e+01
6.579087640959632211e+01 2.436969331539508676e+00 1.519006272477760788e+01
6.628866943603215134e+01 2.015319182138762155e+00 1.498895157689666036e+01
6.554514576858474584e+01 2.145609454370588143e+00 1.478524193870109471e+01
5.779517056010969611e+01 4.074662997378367679e-01 4.430721900793077594e+00
5.869292991699313689e+01 1.127939808996249127e+00 7.645034841922061730e+00
6.063164159559396182e+01 9.105272317649966141e-01 9.939860781756646446e+00
6.162377630643432269e+01 2.070326693805261353e+00 1.157969914973293157e+01
6.198418049984009315e+01 2.393806286994455856e+00 1.193885422783389672e+01
6.213844420682474379e+01 2.536506032945048172e+00 1.182625441257377474e+01
6.197783948011922917e+01 3.271868365244483545e+00 1.283994495442199835e+01
6.227796600753430312e+01 3.154457383044280583e+00 1.314931099910156576e+01
6.229274149150592166e+01 3.026703138517132796e+00 1.338839680391502185e+01
6.306009768106679303e+01 2.659677408566890389e+00 1.391744428642257603e+01
6.369156844840392750e+01 2.969088123296740545e+00 1.485360441401950737e+01
6.371192603174871749e+01 2.613050926732486179e+00 1.357367477404874379e+01
6.367322667472691933e+01 2.613561094663519047e+00 1.306897109027297077e+01
6.448425199509621564e+01 2.510930180016409441e+00 1.381976783028063238e+01
6.441945388957472574e+01 2.857688815833947960e+00 1.289286227943398799e+01
6.410030083164129167e+01 2.487998819234051417e+00 1.344902760212635329e+01
6.415383496885348791e+01 2.438363181960101933e+00 1.312927331768634076e+01
6.427207951885185366e+01 1.999325693929579151e+00 1.365776475252067712e+01
6.410471477384946581e+01 2.175101373359857870e+00 1.427000307911805521e+01
6.490832097870155337e+01 2.135809123945215493e+00 1.457823803074512625e+01
6.415858245115724401e+01 2.355217237047094958e+00 1.387953129842792777e+01
6.096947644217399898e+01 4.648922854891543999e-01 3.222518067059553459e+00
6.018145503846605493e+01 1.453764580384029559e+00 6.343792870421346208e+00
6.019182561501804685e+01 1.517666527131105614e+00 8.515739544448599929e+00
6.045392784218499571e+01 2.359086584643911966e+00 8.821456278361388570e+00
6.065574667993573144e+01 1.863602587802953847e+00 8.803731258792534931e+00
6.012331598909959496e+01 2.302074128598100788e+00 8.031169679215302892e+00
5.997633437835641246e+01 2.517063053677693230e+00 7.914894986139909605e+00
5.890788346824071198e+01 1.892479270547284598e+00 6.830337280276353340e+00
5.892644213142324361e+01 2.020512214506833715e+00 6.675729842907422551e+00
6.000656933586789421e+01 1.702663309492950861e+00 8.379829455619223211e+00
6.004134713080846097e+01 2.157410358579409770e+00 8.614812658824906322e+00
6.087974457943386142e+01 1.921593303003483300e+00 9.020561758798720575e+00
6.077018811117130781e+01 1.352266605357846707e+00 1.006593916027819091e+01
6.091643089552857759e+01 1.817834469874604064e+00 9.692074731727604586e+00
6.105133512114905159e+01 2.447511653952648469e+00 1.097822980786155256e+01
6.142956999860804501e+01 2.130889287597412807e+00 1.108634919188719437e+01
6.143624711862428001e+01 2.505516440583543503e+00 1.189025488617526349e+01
6.136022478550418668e+01 2.398359484617489379e+00 1.207316584091370970e+01
6.170902904210173290e+01 1.668980465744141606e+00 1.271888905151162064e+01
6.277969786112906547e+01 2.218646529707019255e+00 1.421099573616545442e+01
6.290248078744710369e+01 2.095047514358108209e+00 1.410642682754204813e+01
6.191032450258683184e+01 6.738849382264102683e-01 -9.026750056573735748e-01
5.990902945320226536e+01 1.397486022011896090e+00 3.422226107211049140e+00
5.858405198056202323e+01 8.254126960936486457e-01 4.837269241914064821e+00
5.829900328370625573e+01 1.759060727679713221e+00 4.650516341242678209e+00
5.650128355171163719e+01 1.800870289187904039e+00 3.154524104857808098e+00
5.627220392764104417e+01 2.914043401382074627e+00 1.070418311907408437e+00
5.593603871336043198e+01 2.190082188608456271e+00 1.403384376486787488e+00
5.489096156627664413e+01 2.041966759658816688e+00 -7.553698357662241847e-02
5.500579397273523341e+01 1.861493857152375142e+00 5.255866314536419281e-01
5.703871834533373431e+01 1.846367552809903056e+00 4.354248309202754186e+00
5.855726813649134499e+01 1.698855324843532966e+00 7.094341895699621148e+00
5.946982811058944662e+01 2.248584045254981234e+00 8.971569382223787414e+00
5.987286111196253557e+01 1.867969448388097309e+00 9.794478639101406259e+00
6.067694761472370146e+01 2.298865708630780436e+00 1.158970210358488728e+01
6.101238711647162916e+01 2.952407273626843853e+00 1.317763251095645316e+01
6.171029982671186076e+01 2.845959376411428821e+00 1.484753807266422854e+01
6.194334834648086030e+01 2.930133141161926691e+00 1.463004959015077944e+01
6.208514062747605067e+01 2.934100299500308484e+00 1.573246946382976930e+01
6.219609360418391475e+01 3.076771372923439607e+00 1.581252680949139133e+01
6.363477739615886719e+01 3.956398554668760337e+00 1.832968067682063662e+01
6.341324517287388574e+01 3.432047679434036436e+00 1.750392761666750019e+01
5.842935177465571428e+01 -5.354985552508273461e-02 -1.596226104639777077e+01
5.857768438361094354e+01 4.885287913447704522e-01 -5.171953501972941680e+00
5.599555884347617507e+01 1.369911220628473592e+00 -2.130922551175382651e+00
5.437705758996372651e+01 2.182866004706077057e+00 -3.162298501451095589e+00
5.331343651528011662e+01 2.732765653915579573e+00 -4.279382734904103813e+00
5.257633204010546990e+01 3.059329149023183536e+00 -5.538316570317306287e+00
5.203567115782217911e+01 2.725764571379413859e+00 -4.842429636262787440e+00
5.247731067068517063e+01 3.084455436865264133e+00 -3.422026313887750248e+00
5.314430562923482171e+01 3.072942415592822663e+00 -1.652339920718558730e+00
5.682412558312329054e+01 2.492173395824375248e+00 5.515912638114297550e+00
5.958422022817933339e+01 2.815398499898382756e+00 1.086330363283206424e+01
6.175946814196437629e+01 2.760126106302080995e+00 1.419968723939429722e+01
6.275228821416664005e+01 3.262166631491834945e+00 1.537573659457996555e+01
6.440535189524915438e+01 3.925248666518219576e+00 1.804426000513914730e+01
6.542917218402877211e+01 4.293054635053971779e+00 1.943506658785421948e+01
6.640922767742942767e+01 4.867080179322309519e+00 2.144567978182998402e+01
6.698192469349355349e+01 5.680679462548948067e+00 2.217369327948517821e+01
6.690496508726867830e+01 5.052667336237472995e+00 2.210668079977875422e+01
6.725903196174949983e+01 5.179081117976696902e+00 2.367306442052838378e+01
6.821588749583082745e+01 5.812253237553479224e+00 2.430379106709149539e+01
6.796300190445839462e+01 5.921063931676483705e+00 2.402865190367695902e+01
5.382351062852363555e+01 2.816699602526131940e+00 -1.932764154312945948e+01
5.638324407142484063e+01 1.575448453726892240e+00 -1.340703327766450847e+01
5.397943661239554558e+01 2.078302476704418922e+00 -7.617301725948760094e+00
5.460401081894595166e+01 3.499262311194248021e+00 -6.359461174758762603e+00
5.516449648051701615e+01 3.640804719991506122e+00 -4.002696860206045315e+00
5.588045851885493676e+01 4.263280878060793810e+00 -1.036631160049761746e+00
5.614273547900185690e+01 3.250899360431981133e+00 7.196602091808586010e-01
5.757054038182826616e+01 3.280255398273145495e+00 5.826749628643716150e+00
5.941680873909604088e+01 3.079915270616800704e+00 9.597129806864433732e+00
6.464146509930867524e+01 4.355480355630207967e+00 1.811702529507224568e+01
6.897293174638045343e+01 5.291935496043269183e+00 2.350711148835512176e+01
7.046388638439189833e+01 6.708374314145940431e+00 2.569900413569703801e+01
7.143199334427666258e+01 5.786081145811252213e+00 2.715284184356741548e+01
7.119033881496272897e+01 7.143484423015390661e+00 2.731859219287454010e+01
7.167521796939223577e+01 7.658841273381760573e+00 2.829126042959074283e+01
7.163564907846671304e+01 7.105256356298085052e+00 2.845679232287596960e+01
7.158681529027511203e+01 7.621489472822982947e+00 2.861903685191911961e+01
7.252702377991973037e+01 7.400441659284149765e+00 2.921358417509102168e+01
7.257244744509296197e+01 6.982902834258883473e+00 2.951541320131880042e+01
7.211856769061191130e+01 7.127727188744424680e+00 2.931835775900906071e+01
7.145981216248745227e+01 7.005560328301561057e+00 2.936156963195784186e+01
5.716736700569869356e+01 4.669674696705381933e+00 -8.499072972611902088e+00
6.003259955763094524e+01 4.415999499011640239e+00 -2.574496179860457090e+00
6.376874570634349482e+01 5.040484367147136879e+00 5.810133100560346264e+00
6.800736652174747121e+01 6.563626860460034962e+00 1.429030059108585959e+01
7.224723403485734252e+01 8.079467260706259424e+00 2.166715884563078731e+01
7.564804271629563459e+01 8.950092476517848894e+00 2.693048193276483460e+01
7.665536455958985584e+01 7.857078807839561918e+00 2.949249112959047636e+01
8.132600292217217941e+01 9.504496740104993791e+00 3.507515889246451479e+01
8.249346787623444754e+01 9.564595885209707049e+00 3.734464615404741750e+01
8.041942994791683930e+01 1.179292491694783251e+01 3.691515828662067378e+01
7.749311391966655549e+01 1.018664402830281013e+01 3.403899432120860524e+01
7.542544350237859874e+01 1.002428058811536538e+01 3.230665158904136547e+01
7.483415730971084656e+01 8.634670933859736053e+00 3.182807993109022249e+01
7.481829641552035071e+01 7.203539454298894640e+00 3.152541602407041665e+01
7.334219917486547047e+01 7.626842220426713226e+00 3.054141722418063409e+01
7.267540905639867788e+01 7.393865770709561858e+00 2.934738216346461570e+01
7.224680149470439972e+01 7.220828145714907720e+00 2.879875138617225616e+01
7.160720870971449870e+01 7.126333627388177661e+00 2.816873517320142639e+01
7.158426098513417912e+01 7.355841275935070200e+00 2.803140355277234619e+01
6.870432506314178056e+01 6.214534465258262586e+00 2.509452056113572382e+01
6.931216322330432433e+01 6.844422106580637433e+00 2.658679726746505168e+01
