7.715235881164333875e+01 3.742016217658589383e+00 1.038694240939523894e+01
8.142715846491357468e+01 1.095083549400142964e+00 1.638644098233081792e+01
8.215828901421042474e+01 -2.372996691318360440e+00 2.025893722108538242e+01
7.823557787424586252e+01 -4.198065253878636938e+00 2.055957579380024924e+01
7.092254836552960739e+01 -5.676130820126587651e+00 1.789680090262810097e+01
6.593065921437653287e+01 -6.244459822636632573e+00 1.692996162085894341e+01
6.381319323364490970e+01 -5.950908024147845587e+00 1.730484161045366776e+01
6.207955375523397379e+01 -6.951188841205958369e+00 1.700316362786941227e+01
6.082009469434498783e+01 -6.729903586278640049e+00 1.719290729436612608e+01
5.863180335581573388e+01 -6.393340181428358804e+00 1.544696252296461125e+01
5.723334363333982822e+01 -5.896503746705424653e+00 1.523857659861674563e+01
5.688475298223011123e+01 -5.957775394939591074e+00 1.499192530752573305e+01
5.651654173292770622e+01 -5.377699904341373127e+00 1.572275093892977793e+01
5.567118684124461936e+01 -5.673789256249613722e+00 1.473340686364362284e+01
5.534337578236812760e+01 -5.654101100616623299e+00 1.536491882667219500e+01
5.508464168974592212e+01 -5.869147513907443603e+00 1.479466171836039479e+01
5.495339171360987507e+01 -5.991244188278041172e+00 1.485123819255202449e+01
5.493301428658850227e+01 -5.516373720295550953e+00 1.462124374879750732e+01
5.472081659811743748e+01 -6.158031191164999640e+00 1.428599609202872500e+01
5.418733341176270812e+01 -5.046877636908396525e+00 1.462953520816160236e+01
5.387938465561069279e+01 -4.926929247313378113e+00 1.390963333955740922e+01
7.962693095167297486e+01 6.879455780563379363e+00 8.372657623070471899e+00
8.578946704276371804e+01 2.734450554644585196e+00 1.714712156134197230e+01
8.794389777617085713e+01 -3.286871522029420234e+00 2.365282108506308845e+01
8.244443255874247711e+01 -5.920517166634855499e+00 2.390960425028805503e+01
7.516520456199306466e+01 -7.261900973698265815e+00 2.128030772340741805e+01
6.962092790636189932e+01 -7.455888641438834341e+00 1.999350872040192684e+01
6.685476124737355974e+01 -7.415916529165990312e+00 1.926734819677065147e+01
6.453203057925682629e+01 -7.423200339734981057e+00 1.883952372173054712e+01
6.319697221171932711e+01 -7.028936377523967494e+00 1.841808558279663188e+01
6.071736666643573699e+01 -7.385487932130676114e+00 1.711944181617413818e+01
5.874233976395680656e+01 -6.463302493780191504e+00 1.629836318628517233e+01
5.803866113568997775e+01 -6.499192796372287972e+00 1.605292613422339798e+01
5.730693327526124392e+01 -6.261693486916869666e+00 1.661320963816339713e+01
5.606565533037415605e+01 -6.278204415119507331e+00 1.605583354450932632e+01
5.585132035715577103e+01 -6.275166901064655356e+00 1.551507020306419804e+01
5.544722825655506426e+01 -6.179946138325798977e+00 1.520056493885304150e+01
5.563969428007348483e+01 -6.511005472634887603e+00 1.555754809429819119e+01
5.552925775103052786e+01 -6.116773446971506267e+00 1.520010670005337516e+01
5.542932958610961691e+01 -6.620980996085634729e+00 1.545601534815020983e+01
5.445789405590291210e+01 -5.497364492366878963e+00 1.542841996636946078e+01
5.428596383006467363e+01 -5.234437279921186459e+00 1.437051804989696535e+01
7.992957213684404394e+01 6.678002193094378924e+00 8.571676673477838904e+00
8.554978065753583394e+01 3.669900923336284038e+00 1.631039578182340222e+01
8.837476745296137892e+01 -2.609799651017439714e+00 2.479588095406447934e+01
8.452889706285334626e+01 -4.688108999433277191e+00 2.536721893540779149e+01
7.772795174562682519e+01 -5.961239034214162125e+00 2.270785102836870450e+01
7.174382943119748290e+01 -6.415709980058259099e+00 2.139915732651140345e+01
6.822975894700719834e+01 -6.526178612759485631e+00 1.989138788663138868e+01
6.574227651829851027e+01 -7.229575484736043833e+00 1.944458426834560072e+01
6.421682487900417868e+01 -7.565364502016942438e+00 1.938909851870215206e+01
6.154576500337107348e+01 -6.946808485957779666e+00 1.821714993019319451e+01
5.953437098750207213e+01 -6.795422474555600445e+00 1.750213449838705060e+01
5.884734200346420607e+01 -6.858861682036933693e+00 1.768987966918278687e+01
5.769637471620231395e+01 -6.566825457437666103e+00 1.716754732270882045e+01
5.689757996837705889e+01 -6.234697564029871408e+00 1.676431837839503913e+01
5.671370506482432461e+01 -6.731376732138752317e+00 1.627749307576790372e+01
5.689636412308472302e+01 -6.627518830705927400e+00 1.681440013659999977e+01
5.667720102908525348e+01 -6.153634323623695224e+00 1.580076391470863584e+01
5.615049383667877692e+01 -5.894510663262886752e+00 1.571212743768691666e+01
5.612343355113759458e+01 -6.407968996294477471e+00 1.586184670151857645e+01
5.515846301094347837e+01 -4.945280026453495736e+00 1.588808603359803229e+01
5.488880323676245609e+01 -5.217052313194097124e+00 1.519497082145181821e+01
7.983797273581116372e+01 6.941900035052013251e+00 7.129634141671683523e+00
8.463926263245411974e+01 4.067358437026038054e+00 1.515831950951835339e+01
8.795408259791196315e+01 -1.445205315665149648e+00 2.417422074461099513e+01
8.574254537175146140e+01 -4.304863483714630235e+00 2.634747201083519030e+01
8.028127228092644430e+01 -5.297820668818824075e+00 2.548303614328564493e+01
7.474057966847830414e+01 -5.626870621351286239e+00 2.359996853250128268e+01
7.181553433391577812e+01 -6.088450036954596634e+00 2.301036266582063305e+01
6.846290922140605062e+01 -7.103006461184243392e+00 2.203804531262950306e+01
6.573184330445405976e+01 -7.024366554269164453e+00 2.085237233004168544e+01
6.223633794762658056e+01 -7.293189406405200970e+00 1.882609694799423394e+01
6.046606555931201399e+01 -6.537264065533136659e+00 1.837991272438897994e+01
6.053927387368661073e+01 -6.709851932707424638e+00 1.972313982797383147e+01
5.978835096923211267e+01 -6.424649828972460064e+00 1.927643806881108901e+01
5.829688899792989787e+01 -6.307564965129820678e+00 1.842605047555282383e+01
5.805486092263905107e+01 -6.117813235095572288e+00 1.734630484858368504e+01
5.764587359397613398e+01 -6.405898431334574816e+00 1.744278970107357907e+01
5.752612283632586809e+01 -6.193764733452509219e+00 1.745848162166355166e+01
5.731701832315719969e+01 -6.264478908292886672e+00 1.724783637456516772e+01
5.698734594706378687e+01 -6.479647514117353069e+00 1.706450785230330780e+01
5.614762308280104719e+01 -4.907833055571439118e+00 1.697487990166263927e+01
5.566475171827180191e+01 -5.413130009575537471e+00 1.655218934120799545e+01
7.783687139644916897e+01 9.206468337463869389e+00 4.493717390830452629e+00
8.208640550353911181e+01 7.870120167113057619e+00 1.206609592219853155e+01
8.684210781341512586e+01 9.676176799901741177e-01 2.375768483752588622e+01
8.631843887644457425e+01 -1.733036566634379660e+00 2.773519411042024529e+01
8.194438566994742246e+01 -3.541307236816017223e+00 2.719947844051724672e+01
7.700963131041882548e+01 -4.243438920888438659e+00 2.592207678257715031e+01
7.395364287852130758e+01 -4.975854265014804767e+00 2.502406748933515246e+01
7.058677824811991286e+01 -6.366862595750031772e+00 2.432529506598587332e+01
6.827852749322615011e+01 -6.684260232564783522e+00 2.339335050257228588e+01
6.470382811867473549e+01 -7.216886938487869330e+00 2.243095054495616836e+01
6.276795401081827208e+01 -6.643433696269994471e+00 2.100736006748993390e+01
6.236434008133350915e+01 -6.647333291819754741e+00 2.160082816015770391e+01
6.216943648655984589e+01 -6.497564726722920625e+00 2.150913433022678944e+01
6.057062610320701879e+01 -5.850490415452846094e+00 1.979571005114884130e+01
5.962689905591713568e+01 -6.550590367492453936e+00 1.947736118989658038e+01
5.958039600290227611e+01 -6.234066876068613539e+00 1.925953830862793836e+01
5.930821980690136286e+01 -6.371659618789090374e+00 1.933754166764682125e+01
5.920847993420046862e+01 -6.186978290190801921e+00 1.913334014022632346e+01
5.914683765019742623e+01 -6.196040156238447949e+00 1.954921082607051375e+01
5.871473027673272327e+01 -4.087837681338347906e+00 1.943967519347433637e+01
5.873754515574712798e+01 -4.244308520524572081e+00 1.892820237507158865e+01
7.659578829197448613e+01 1.001947523076857038e+01 1.539568746328772164e+00
7.954786017348212113e+01 1.035591212693018548e+01 9.772333564549001039e+00
8.428969173109472024e+01 4.691911564530102829e+00 2.313950929405324075e+01
8.491844588187962017e+01 6.322125551861086379e-01 2.851693954981198686e+01
8.249131922389878468e+01 -1.614985934324026928e-01 2.931896274046250284e+01
7.826416849409493182e+01 -2.761831564353871116e+00 2.888126185653838718e+01
7.551234452339188863e+01 -3.418517879477246169e+00 2.804165037287300066e+01
7.233167001099945992e+01 -4.418784412899110059e+00 2.735682809462135623e+01
7.035553394670652949e+01 -4.500922162931784598e+00 2.635895850041605826e+01
6.774730291597907694e+01 -5.606289043004787587e+00 2.610849087935076795e+01
6.617585544880006410e+01 -5.699621242692647805e+00 2.480018531837296081e+01
6.521010201178648913e+01 -5.909726337004478580e+00 2.466898076614717894e+01
6.417994074914138025e+01 -5.738932389620477359e+00 2.311585249500190287e+01
6.313246489043697807e+01 -5.901001424225730041e+00 2.195877886537462587e+01
6.261666987574228926e+01 -5.547237131828820722e+00 2.203336736734675583e+01
6.227229459100961151e+01 -5.621253062319830462e+00 2.153688134485042127e+01
6.222492344333898018e+01 -5.034952376332865853e+00 2.193757409266757463e+01
6.215474755043337041e+01 -4.928451322098291953e+00 2.186906322483459064e+01
6.177840185755692914e+01 -4.793996684607332526e+00 2.152666592076035812e+01
6.043316417921323591e+01 -3.599798253546661719e+00 2.057579890556413460e+01
6.140321263442558575e+01 -3.572491285340258393e+00 2.079809220472145626e+01
7.484668378768284924e+01 1.156372259858838802e+01 -2.119545999478351206e+00
7.462009843491739502e+01 1.336577659308005650e+01 4.866876601087447796e+00
7.904991642606766789e+01 1.034884107594569258e+01 2.035311429770714398e+01
8.114550676788280725e+01 5.642268627414335214e+00 2.755501911464904197e+01
7.976925721323171103e+01 3.769760486306282132e+00 3.014370351298060768e+01
7.783515981672337603e+01 2.852487946093660298e+00 3.069887329486470406e+01
7.625063142666364513e+01 4.360871141857032285e-01 3.125858161870547036e+01
7.351498008848923860e+01 -1.461397535082915589e+00 3.014860535414137388e+01
7.156019902373212460e+01 -2.780074191755522062e+00 2.989957399134321037e+01
7.011142184888740303e+01 -3.219766275698524360e+00 2.863760871184844348e+01
6.891613220451003485e+01 -4.270052612484901644e+00 2.782611770051142486e+01
6.685443282596787640e+01 -3.953688214315990379e+00 2.573547034514515275e+01
6.545051118122057687e+01 -4.181742410560368661e+00 2.394118600713526490e+01
6.502224036336528457e+01 -4.212156758108433152e+00 2.380440203419836109e+01
6.505252295967083853e+01 -4.110186415601196686e+00 2.444517508907955516e+01
6.499884620932499502e+01 -4.134601445465873937e+00 2.395552533664513462e+01
6.521664949258044430e+01 -3.857889761772003379e+00 2.402267342714559106e+01
6.504584219472441475e+01 -2.927332725013010783e+00 2.416908053159693281e+01
6.495018242485474502e+01 -3.617067329763410832e+00 2.426720354842638017e+01
6.317522012084816652e+01 -1.734916270999766308e+00 2.220667141336509331e+01
6.398179782769673807e+01 -1.918476627944498691e+00 2.338799502591784574e+01
7.354417933081440140e+01 1.250414248572024434e+01 -3.507892589915374337e+00
7.052399753795046422e+01 1.586264768772155520e+01 4.678470469699931300e-01
7.307100168776574378e+01 1.424878212659350041e+01 1.580753844935992802e+01
7.594718381799292217e+01 1.193109133677032752e+01 2.494207977928952857e+01
7.710422982976776041e+01 8.681518884020189120e+00 3.035715970277311726e+01
7.611001738061274580e+01 6.631322651491050379e+00 3.113323300988136566e+01
7.582139697784933219e+01 3.804493341911140192e+00 3.237614096238674932e+01
7.452934548542570781e+01 1.707275820665008048e+00 3.303682074480846609e+01
7.340212934258215682e+01 -1.502426651034243221e-01 3.217714362270002226e+01
7.027228377308267682e+01 -1.630566077093697164e+00 2.957735008771153673e+01
6.741600558351876771e+01 -1.792934649764524657e+00 2.620015588870831635e+01
6.589602836472867864e+01 -2.026370936778352227e+00 2.497098830363328048e+01
6.588300876090951874e+01 -1.677286318595517134e+00 2.451737702163475774e+01
6.583295031424960086e+01 -1.401172225496563950e+00 2.443730441970591016e+01
6.632518236537170253e+01 -1.682274428302750202e+00 2.536501077738802223e+01
6.663458093568956997e+01 -6.523949925569398900e-01 2.585713648325609171e+01
6.682188159587470011e+01 -1.251772001238279586e+00 2.571546098985052708e+01
6.669469651826825896e+01 -1.192724164931508568e+00 2.548665283140594795e+01
6.675579835882459179e+01 -1.057305079728138697e+00 2.552658392372156726e+01
6.465787833679279117e+01 4.423175285872726903e-01 2.373755089320447453e+01
6.580797681199098292e+01 2.944409482373711029e-01 2.419999825385367132e+01
7.464292958057457383e+01 1.227059177609814355e+01 -2.959886462637931537e+00
7.286356045750599719e+01 1.462039613940849492e+01 1.968687919047489743e+00
7.636777964496545223e+01 1.318026502772275066e+01 1.755207674709230758e+01
7.884867620422132006e+01 9.316709275755865605e+00 2.637327435812252219e+01
7.897068173541315161e+01 6.102720735205782177e+00 3.031535727402458491e+01
7.756907635268154877e+01 4.567751583273143900e+00 3.191477731613104396e+01
7.648547525396404012e+01 2.294362460523421632e+00 3.211023856499132734e+01
7.453519414287602274e+01 3.789712905396731557e-01 3.249704974908771504e+01
7.361135129256199150e+01 -1.837435519068689516e+00 3.183492223554348044e+01
7.117777049645700060e+01 -2.590728498986083927e+00 3.018350917482687379e+01
6.871497799100906434e+01 -2.292010677904536387e+00 2.780452197204104436e+01
6.726045911784703435e+01 -3.290376015923845987e+00 2.663072159777834003e+01
6.635626554393614640e+01 -3.024743777236045705e+00 2.571973005890752972e+01
6.575058344892903506e+01 -3.428919463406075341e+00 2.480723857033134649e+01
6.604559762693486391e+01 -3.038467556479421461e+00 2.510197257709677743e+01
6.612088475568920387e+01 -2.795164743141921093e+00 2.451577404633175306e+01
6.640382868096970981e+01 -3.209104637271524840e+00 2.512388264894582690e+01
6.636345536676721224e+01 -2.553095229705701019e+00 2.534829831990758464e+01
6.607613378402510307e+01 -2.811520361504913357e+00 2.465947762501086515e+01
6.389641758697061391e+01 -7.612195891988102758e-01 2.357620009708568887e+01
6.521850529487998926e+01 -1.577585791925311565e+00 2.403825532427314826e+01
7.353258457939531922e+01 1.207417296646239535e+01 -2.757124179127115937e+00
6.925838819805190383e+01 1.583000067817905077e+01 1.109270671591824353e-01
7.094080182345361152e+01 1.525686289742448665e+01 1.500134423006415929e+01
7.407658222714118779e+01 1.290842202177024589e+01 2.538056872590573221e+01
7.573981158002533220e+01 1.006096597933446191e+01 3.054542863514835460e+01
7.529830728067599921e+01 7.868736339022973425e+00 3.272243834466940626e+01
7.540320503851484091e+01 6.105358583716604670e+00 3.403234410631915807e+01
7.460665930165519910e+01 3.791551804342246257e+00 3.372236744199508962e+01
7.378794360582126899e+01 1.600220738731224834e+00 3.312432923889961955e+01
6.919617072113894096e+01 -9.037136159118430712e-02 2.869839772432594316e+01
6.735634072810216821e+01 -6.195860330147073824e-01 2.651007823170164812e+01
6.670337380482646950e+01 -7.833616263848135475e-01 2.571359459455963048e+01
6.673106671938309375e+01 -3.993952805396423500e-01 2.588736287809678771e+01
6.684608966392171681e+01 -6.224972746830697012e-01 2.568476146933667081e+01
6.747449061600664777e+01 -2.536529670934926095e-01 2.634484603615940301e+01
6.780558621895605143e+01 -3.755220161125980560e-01 2.690879584664854463e+01
6.761447917099650340e+01 -1.456327844277288008e+00 2.627476974064875748e+01
6.748267465977956192e+01 -1.157854525951140801e-01 2.631652836592110845e+01
6.765878579975900209e+01 1.915212002393591462e-01 2.660935819560238969e+01
6.547482689676097323e+01 1.506924013471191870e+00 2.532263584500913112e+01
6.640748797366222789e+01 8.781377636978540124e-01 2.555593550703523675e+01
7.163644964402564597e+01 1.038009833920737179e+01 -2.108295527639452160e-01
6.588150707775037063e+01 1.581803310892490444e+01 1.928614595808804566e+00
6.626234670240360458e+01 1.761676034081720132e+01 1.600234851944441061e+01
6.908435514749298534e+01 1.615112147245161722e+01 2.521356386838716546e+01
7.190340609292995566e+01 1.291655923940184536e+01 3.073201989875275331e+01
7.309424895697836178e+01 1.004361094637634899e+01 3.278378528072185816e+01
7.346675224389613845e+01 8.172898656014062624e+00 3.286669688641600828e+01
7.054586344502504858e+01 5.029086114468837465e+00 3.055157244686512996e+01
6.965779546734165706e+01 4.213790747240546253e+00 2.962820941168058653e+01
6.552958710483929394e+01 1.998722439206014556e+00 2.551313665187054625e+01
6.674621000889878530e+01 3.425284253339887286e+00 2.628467340824369103e+01
6.761914115079893861e+01 2.792461556628873076e+00 2.708551779420360361e+01
6.792001311216381509e+01 3.589450911647226405e+00 2.743674742405636380e+01
6.817944795215289844e+01 3.913779678651291505e+00 2.792556113268915396e+01
6.855694233486650546e+01 3.498846478577465113e+00 2.816085317934241772e+01
6.877020046867454539e+01 3.857619450752663326e+00 2.798171693581038255e+01
6.872678258682243779e+01 4.009300578771109791e+00 2.879336731209543387e+01
6.890513176529248085e+01 4.131204596950674102e+00 2.851546656855647655e+01
6.882544892955657190e+01 4.033638269901430817e+00 2.885177298672979873e+01
6.716233347970619150e+01 4.895845239304287055e+00 2.771883689530912420e+01
6.768092252340481707e+01 4.788247108225131221e+00 2.869892993994486119e+01
7.012012951503733404e+01 7.522465439036487567e+00 4.762079363912093299e+00
6.431773748599408691e+01 1.353873965595159490e+01 8.703924035575717255e+00
6.342784453778394038e+01 1.727453884768319625e+01 1.874167491397470542e+01
6.557026626677843240e+01 1.492985879322400677e+01 2.423031403307274800e+01
6.814267482618949145e+01 1.175967040417249443e+01 2.782909765198667884e+01
6.901186912857079392e+01 9.809736882426648208e+00 2.882603800803114780e+01
6.863949240285374742e+01 7.316948263979474731e+00 2.809246373193925450e+01
6.734654952056304467e+01 5.556035901376770170e+00 2.584043725641197398e+01
6.592110128380424783e+01 4.623291663784510064e+00 2.474639651864577061e+01
6.467009217008870792e+01 5.433171050860515550e+00 2.451433372570736324e+01
6.768162653693487130e+01 6.483952479068562980e+00 2.715066909339541468e+01
6.833668585325034428e+01 5.763359677761284772e+00 2.836196933688675870e+01
6.902928519311453215e+01 7.275247602611671027e+00 2.805130433996169614e+01
6.924736510858153338e+01 7.417052970607828755e+00 2.924113920176383630e+01
6.925768199352579302e+01 7.282557360447459160e+00 2.908144632052479039e+01
6.962791484165956035e+01 7.454064016346904964e+00 3.031631029868260185e+01
6.930858763030155956e+01 8.380113744596759062e+00 3.004885255658604137e+01
6.968082128762836192e+01 8.634736285670239653e+00 3.057727708581206372e+01
6.964882624724593541e+01 8.694181387788308513e+00 3.068314722620738877e+01
6.790025817139282083e+01 8.848966922322283324e+00 2.996983554784070236e+01
6.794219203296427168e+01 9.183547762676512960e+00 2.966280200351545915e+01
8.110393191274366131e+01 4.385766300831842379e+00 1.652246296361888156e+01
8.607260872458694223e+01 2.616325402426643798e+00 1.799207057148802136e+01
9.019111192012648814e+01 -2.315871268728295185e+00 1.932009565280729646e+01
9.155546963149767237e+01 -5.313515762545160115e+00 1.967341594109842617e+01
9.028661036700631826e+01 -5.899008576314383134e+00 2.032752864485158995e+01
8.603789343892972852e+01 -6.864151245829535952e+00 1.871097550738607040e+01
8.061915772364254451e+01 -8.395694369361823561e+00 1.693852070278535038e+01
7.419825925534492228e+01 -8.412971127894326884e+00 1.469506254170205395e+01
7.001879002384578143e+01 -8.630009179779754902e+00 1.441404348713942341e+01
6.699293737100798296e+01 -8.945781399991554750e+00 1.465637622240512883e+01
6.538941100091636827e+01 -8.846915873903327565e+00 1.473265556112972519e+01
6.392303007564002826e+01 -8.589699532143416860e+00 1.431313202984011568e+01
6.340834562144851816e+01 -8.947722506642854512e+00 1.371879599658287674e+01
6.276726444777801817e+01 -9.371020056630097628e+00 1.402713762322401436e+01
6.212212717352433344e+01 -9.194699228823331794e+00 1.403422100659483007e+01
6.180282144176408110e+01 -8.969092403260201962e+00 1.391053055021175311e+01
6.117801003960441619e+01 -8.845941537634018914e+00 1.328129151680928288e+01
6.118608959418827453e+01 -9.259847602110182763e+00 1.373082645608336350e+01
6.078525951495799973e+01 -9.172496113361912506e+00 1.326402336664699533e+01
6.031448172048311562e+01 -8.614273251829311917e+00 1.463407908908568089e+01
6.035753785319126052e+01 -8.617420603309094318e+00 1.394086863626192496e+01
8.134997758812262703e+01 5.304576562613760871e+00 1.460480736876283103e+01
8.555085835791486204e+01 4.629271015963109193e+00 1.622890999739563611e+01
9.053037016104110535e+01 -2.063945049266135534e+00 1.891649335465728399e+01
9.287070553152321395e+01 -6.183379412761030203e+00 2.059525414350033046e+01
9.506492366526866533e+01 -1.068422259317933509e+01 2.281984669370563523e+01
9.499474906717901490e+01 -1.106342664280524346e+01 2.399160525800293797e+01
9.295946953195583262e+01 -8.727312269444732706e+00 2.319505152357774946e+01
8.208512009918457863e+01 -8.345403361662917519e+00 2.000400557862159090e+01
7.575501324438494066e+01 -8.453101745034967252e+00 1.913953947393709143e+01
7.061617794071891296e+01 -8.691931797812173954e+00 1.895510851368607774e+01
6.941120835368303688e+01 -8.902020655193506826e+00 1.822776802172790411e+01
6.790035913101314691e+01 -9.529931445546676372e+00 1.754220845288944375e+01
6.745318727814186843e+01 -9.332133085955993224e+00 1.775202437019791546e+01
6.626425731857406731e+01 -9.937692209984838598e+00 1.756636091161330526e+01
6.540246393653545454e+01 -9.497092715231666205e+00 1.732969915660581250e+01
6.512900897594630578e+01 -9.342426291870202348e+00 1.676220779107432790e+01
6.504122253864471759e+01 -9.319878737362595089e+00 1.775817705772936961e+01
6.453909936281263526e+01 -9.283568979018449241e+00 1.693280182608183893e+01
6.448244485371655799e+01 -9.885807735880094427e+00 1.756402994819615770e+01
6.334360852670241115e+01 -9.178325406977771550e+00 1.771562768297219748e+01
6.376362758456188828e+01 -9.035866346112365832e+00 1.761768406905716233e+01
8.049649783957910643e+01 6.323882039972122726e+00 1.163298524313397664e+01
8.418331098605561635e+01 6.929175158326554396e+00 1.327137086206640504e+01
8.831317632281428587e+01 2.227659350083147416e+00 1.638968162645776161e+01
9.106869566664722981e+01 -2.840046195274548602e+00 1.943380367988018520e+01
9.367434006127805901e+01 -8.324929819160105993e+00 2.271420188892786740e+01
9.411811625127447201e+01 -9.812577645021894668e+00 2.502810838009861882e+01
9.392954496051649471e+01 -9.939648530097791479e+00 2.558723518326868174e+01
8.886463245126638810e+01 -6.950042899976973665e+00 2.523769899404290840e+01
8.139160193517338371e+01 -7.453713235628043776e+00 2.276675850005750590e+01
7.456550994171553270e+01 -8.722696278444747264e+00 2.149554879227276061e+01
7.261088027673598333e+01 -8.179747387550364124e+00 2.073517379091945045e+01
7.152978721320627642e+01 -8.292646563489633138e+00 2.097837631463345076e+01
7.036659558320249630e+01 -8.760137007571156431e+00 2.073436356509115086e+01
6.957441324734806187e+01 -8.660865663566797323e+00 2.070709526671569733e+01
6.865934970208061827e+01 -8.388555864704668963e+00 2.009396486503209900e+01
6.815313901971052246e+01 -8.717712114252456956e+00 2.024836617351059687e+01
6.771085555536251377e+01 -8.570936187023471931e+00 2.042957076695410734e+01
6.746989347766424316e+01 -8.408531983886684102e+00 2.032461198430209848e+01
6.729418683279820357e+01 -8.999947066141871233e+00 2.106625549981129097e+01
6.603131698564850183e+01 -7.753846612313211040e+00 2.061961111678701286e+01
6.598635095610366363e+01 -8.000938164759649140e+00 1.990004895323721712e+01
8.027606303255809905e+01 7.114771369803534640e+00 9.026672211187477757e+00
8.260106361117962592e+01 9.146437685042721810e+00 9.270409726559503127e+00
8.624644901069073910e+01 5.992780060007660836e+00 1.334385624616217214e+01
8.901888831116023937e+01 4.949690316640493748e-01 1.903208394942184611e+01
9.188526391263178539e+01 -5.340826708371054110e+00 2.277036874620462115e+01
9.291586784275513367e+01 -7.625895204557297191e+00 2.470864018486507874e+01
9.292568134439646599e+01 -8.458209678850145963e+00 2.658417100769601404e+01
9.045886235495646588e+01 -6.423879806995589803e+00 2.801533504923268225e+01
8.444573802343644786e+01 -5.526451359480830661e+00 2.608212899221872050e+01
7.757434291106588375e+01 -7.512008818774654095e+00 2.452997389093759750e+01
7.506524134123253589e+01 -7.684061237388455368e+00 2.396672576460307624e+01
7.380622878785959529e+01 -7.399489837724579466e+00 2.304378173378962913e+01
7.289524691359174824e+01 -7.849912612999770722e+00 2.365557227139301943e+01
7.153823714796631350e+01 -7.931169306908305572e+00 2.352017811837954397e+01
7.057669994015239467e+01 -7.828061780768059919e+00 2.305339178403781020e+01
6.996325095440252539e+01 -8.584053531051146990e+00 2.315154883901298533e+01
7.002911374601848138e+01 -8.228387337097469612e+00 2.310110860253649179e+01
6.956899012376680957e+01 -7.927617183148356617e+00 2.302219038007470431e+01
6.942862858554704530e+01 -8.227906041816090976e+00 2.344768787461776682e+01
6.820320076345704763e+01 -7.078500453511693991e+00 2.377119153083700454e+01
6.863078983131784128e+01 -7.343469938547641185e+00 2.332767480940587745e+01
8.042945656239514562e+01 7.848331677929374806e+00 6.035855492798436472e+00
8.080733971844382779e+01 1.018427498883817961e+01 5.602519270681163732e+00
8.389657081144785877e+01 9.471981820146286424e+00 1.025818227504336733e+01
8.684818454293818490e+01 4.864902746527485888e+00 1.669612281782154639e+01
8.957809306848793085e+01 -1.031306165360674321e+00 2.148059003280179979e+01
9.091545938680157235e+01 -4.147601808825765346e+00 2.430674666981848375e+01
9.116846396176757139e+01 -5.313580008654984255e+00 2.639649005152881500e+01
9.013004223124332270e+01 -4.809321200897841209e+00 2.835657030568695092e+01
8.678761069947701401e+01 -3.615094312379894426e+00 2.836162476645467478e+01
8.036568605553375733e+01 -5.066376464042249950e+00 2.698572390409357524e+01
7.759949791210988224e+01 -5.897143036386561121e+00 2.685014235418434225e+01
7.653969562445628583e+01 -6.587397062581184848e+00 2.700041157068174158e+01
7.543753798114306619e+01 -6.606957489736990929e+00 2.744710131190004176e+01
7.424788429052188121e+01 -7.078005992979374383e+00 2.734054524179049395e+01
7.365905950296233584e+01 -6.842730200497077142e+00 2.706465203005744513e+01
7.266707361782856367e+01 -7.079651673822674240e+00 2.683858110665183716e+01
7.302228185827446794e+01 -6.532598185190304108e+00 2.749712876416698037e+01
7.293198607901685193e+01 -6.384399678040079351e+00 2.734609162817415751e+01
7.274046849838299522e+01 -6.562494204588951163e+00 2.707919485579416374e+01
7.077422211739572333e+01 -5.841066796443643128e+00 2.702485933491539782e+01
7.134622507850795614e+01 -6.499867452958608460e+00 2.663229894113095497e+01
8.057471864876750089e+01 8.754450473388548204e+00 4.481626267774728944e+00
7.874547588078682736e+01 1.240265843267978418e+01 2.928144886030565885e-01
8.020098757456852923e+01 1.309070377777152672e+01 5.876498579018459623e+00
8.307505523923711621e+01 1.023480618818114785e+01 1.364778712057268706e+01
8.614083905411456499e+01 4.885940960784671105e+00 1.966053236310079910e+01
8.682613654806844750e+01 2.826659516925650983e+00 2.317512682452389328e+01
8.753416857956658248e+01 7.847708641848329947e-01 2.611003823751440223e+01
8.738107518705878363e+01 -2.256636081056644372e-01 2.861798853861521508e+01
8.546210632578099364e+01 5.308028704417733223e-02 3.006617212232765723e+01
8.001691570405743903e+01 -1.866735278022632727e+00 2.952249843882933789e+01
7.916719311273918436e+01 -3.669155233233559521e+00 3.044449799454876171e+01
7.835619295821449271e+01 -3.575279999880159210e+00 3.067243000792640117e+01
7.752275027326064105e+01 -4.426159177317608773e+00 3.039826525000246704e+01
7.674209974591938987e+01 -4.613784445707915793e+00 3.122392391928438826e+01
7.640795365335107192e+01 -4.863636219884742928e+00 3.071211228860214248e+01
7.529885004131156734e+01 -4.564183213496429303e+00 3.023058140439388808e+01
7.552242031011674328e+01 -4.972548287083233376e+00 3.041840939598807836e+01
7.498574081619564424e+01 -5.196408320155785354e+00 3.073019549329323041e+01
7.466375130777879576e+01 -4.767214548280310993e+00 3.046271531868056570e+01
7.285985519109728159e+01 -4.297881843596528029e+00 2.953687026792668036e+01
7.292812133050149725e+01 -4.490030011873923144e+00 2.945535583973135374e+01
8.066286092262051000e+01 8.936492906602056863e+00 1.820697733533593876e+00
7.742880608175012469e+01 1.301454662313695465e+01 -2.741597901764430745e+00
7.629308903321953039e+01 1.464305323406105686e+01 1.671464955409263098e-01
7.868175618084993062e+01 1.311219629401526987e+01 8.867028985777650973e+00
7.994210613299436829e+01 1.335328876907575690e+01 1.519123811532440982e+01
8.172171966648896557e+01 1.068708000208376774e+01 2.062843215713129297e+01
8.324545362065964582e+01 7.949750638597741670e+00 2.458183887882976038e+01
8.325644140064663645e+01 5.581575619382512343e+00 2.921266523727587838e+01
8.244015873617432533e+01 4.829209066184830590e+00 3.079166585015266833e+01
7.991655214820781339e+01 1.916219258076086618e+00 3.186816816460686397e+01
7.839834427206409373e+01 -4.028998085421164888e-02 3.246647846475103449e+01
7.834083106497379845e+01 -5.064286096414294391e-01 3.309326988194944619e+01
7.756370832131307225e+01 -1.263273883466121461e+00 3.280122667433922601e+01
7.748995376905882893e+01 -1.972836340629833707e+00 3.377701796550285707e+01
7.592644382471696929e+01 -1.667361923731910167e+00 3.225405460007820579e+01
7.512155853496389568e+01 -1.499429773492919615e+00 3.225616008731989126e+01
7.443800788250185008e+01 -1.614950581971465127e+00 3.134821072301379985e+01
7.417826121031463060e+01 -2.130541601609371227e+00 3.121347813038473618e+01
7.352810646996414334e+01 -2.280088720725100160e+00 3.096289669995351801e+01
7.153741891186206203e+01 -1.431803619374328651e+00 3.011460946326490529e+01
7.189740855053790369e+01 -1.189730163079854464e+00 2.990662736450930481e+01
8.060998385706335512e+01 8.923210607309442821e+00 1.862953039496343166e+00
7.628896289103144568e+01 1.296449924927154385e+01 -2.205679874059665480e+00
7.248530438761905259e+01 1.614161597486356570e+01 -2.367976116002131981e+00
7.236660699605423019e+01 1.603694039485510814e+01 4.386095330373386503e+00
7.352395864461226438e+01 1.600618729925420070e+01 1.128050331801789241e+01
7.428131840784374162e+01 1.619080758773036166e+01 1.587286535602472171e+01
7.555825267627407982e+01 1.520148838447047979e+01 2.196285484922359643e+01
7.697996789726897759e+01 1.204186713273430698e+01 2.781484707379976840e+01
7.791586747485347075e+01 8.942477338681406707e+00 3.097930262881329355e+01
7.749367990897567893e+01 5.765813938792895499e+00 3.284987402624913955e+01
7.684236999233556276e+01 3.611848345561732287e+00 3.369698006169570448e+01
7.561184052695881519e+01 2.091607784878773302e+00 3.271221506315458072e+01
7.401496125379640034e+01 2.261798977410760081e+00 3.192013384895860639e+01
7.211714614530610845e+01 2.177458338945187144e+00 3.081178024491600098e+01
7.150100059781868822e+01 1.574845136724156269e+00 2.971966194701703756e+01
7.070246634489778614e+01 1.666985013914508151e+00 2.891567512167470255e+01
7.018398273048128999e+01 1.985352777424739479e+00 2.885808908546898266e+01
7.049848960958999555e+01 2.099443347194526410e+00 2.896010327994699907e+01
6.979111966496461150e+01 1.803095869713226662e+00 2.865494630320840486e+01
6.869159803454017776e+01 2.564200922682005945e+00 2.801363045860665579e+01
6.888493193953627269e+01 2.431235116550165998e+00 2.873056710402185132e+01
7.916028162663147327e+01 8.255014217420441724e+00 1.923131452593846547e+00
7.455616973306820228e+01 1.121765879837625590e+01 -1.469874240568103119e-01
6.895724479310773347e+01 1.571909306837282827e+01 3.118567772102789348e-01
6.752100927471909131e+01 1.717327337308791613e+01 7.354552025941242022e+00
6.731955621101411680e+01 1.782531822269638866e+01 1.266522615123872342e+01
6.757716416841263651e+01 1.740719180005227784e+01 1.718539887716507053e+01
6.829415306488510851e+01 1.706485070872587073e+01 2.105207092875613029e+01
7.068256518181127035e+01 1.470838774813875105e+01 2.708904251297630594e+01
7.219901156981924828e+01 1.225205443490394686e+01 2.985206154143912727e+01
7.300063143869152782e+01 7.994353277873624819e+00 3.126502223066181330e+01
7.163514760344114052e+01 6.315052344799028106e+00 2.995075810057480226e+01
6.951652139391998730e+01 4.477554069568720152e+00 2.828865527410601288e+01
6.797584491658072636e+01 4.305876371242558065e+00 2.716221923147247708e+01
6.702956706129931774e+01 5.018764838338192646e+00 2.686646064913077225e+01
6.733808809580456511e+01 5.268391077660780297e+00 2.757384406193540372e+01
6.784083035194559841e+01 5.421480020283910406e+00 2.788757455347169412e+01
6.783392970742953310e+01 5.512255199233479175e+00 2.798178268703139082e+01
6.783191584361584603e+01 6.061351185643836459e+00 2.806569553803201700e+01
6.787526076491484162e+01 5.799336097392016498e+00 2.823204815497059172e+01
6.704852968067075381e+01 6.636313671211357956e+00 2.760768601035635328e+01
6.762449444710919977e+01 6.911806041372981824e+00 2.822039052327735220e+01
7.816737437734762750e+01 6.488182697636862173e+00 4.191530585403400622e+00
7.358575855225460316e+01 8.894542385740590973e+00 4.637105778089917862e+00
6.730792439999454757e+01 1.344000278567859397e+01 6.691715531255542970e+00
6.507486824622395716e+01 1.622326697688359687e+01 1.247476546914595019e+01
6.356334083496373921e+01 1.670449793051299991e+01 1.605465510159720566e+01
6.372869427329955272e+01 1.734819224026634643e+01 1.868999112161884213e+01
6.419955475630894171e+01 1.580079007300049909e+01 2.109354227352591948e+01
6.599461069475076158e+01 1.303814464150847563e+01 2.421182946048747198e+01
6.725215430937109318e+01 1.062866851346088026e+01 2.674579856687446267e+01
6.752196946495836016e+01 7.221342006511997980e+00 2.639210411678485002e+01
6.682274578226396500e+01 6.706123347489926445e+00 2.567235639728835395e+01
6.523795984259530201e+01 5.931956955333522075e+00 2.438410519049783431e+01
6.589280000037955176e+01 6.486023217176287048e+00 2.591153738411090757e+01
6.690938287847814081e+01 7.746085939710763313e+00 2.698796776674808484e+01
6.780496533339159271e+01 8.600111221076588208e+00 2.811564460539694466e+01
6.827346517443054097e+01 8.678509455751642676e+00 2.892008948256595602e+01
6.851655582503674680e+01 9.419040411572341398e+00 2.921762412117464436e+01
6.814859028004765662e+01 8.848820431094816641e+00 2.903846806484242649e+01
6.812460360199638387e+01 9.261322629583613519e+00 2.878967472797729243e+01
6.756468017870651011e+01 9.701588210154206138e+00 2.885584614873797449e+01
6.807165895724298821e+01 9.739139178525658025e+00 2.918561851428542298e+01
7.689583829943593685e+01 4.286639445278276561e+00 9.784535812349922423e+00
7.182123320175421100e+01 6.655062157331842698e+00 1.219990201820739628e+01
6.506827892698706250e+01 1.023052445224980289e+01 1.504622757858567184e+01
6.225263412054296452e+01 1.078524342862864849e+01 1.735287110729339233e+01
6.048905140716718165e+01 1.014268441179913438e+01 1.716299977379276243e+01
6.017793261466508170e+01 9.482151147936022539e+00 1.758324331464203993e+01
6.027144768033457467e+01 8.318986311043595094e+00 1.833771944215564176e+01
6.127835812881484401e+01 6.395203251688563739e+00 1.995483997061935355e+01
6.160916263879377652e+01 6.972562905973870073e+00 2.129234327020508744e+01
6.350646574500770214e+01 6.910135030290376790e+00 2.310929157127140599e+01
6.513956403537240192e+01 8.134229852011635842e+00 2.552053793872754284e+01
6.683617565709310782e+01 9.119210084360517499e+00 2.697249767440672485e+01
6.879864780974200755e+01 1.036728196171378080e+01 2.942974266124752347e+01
7.036916874980934722e+01 1.099772330241193607e+01 3.140295535363563317e+01
7.060040401754106654e+01 1.181194680201791414e+01 3.142907172991376541e+01
7.090858254191422816e+01 1.163043799695605962e+01 3.237000805539917536e+01
7.052833910293983877e+01 1.164739719747278457e+01 3.230521333468305301e+01
7.068819858473653994e+01 1.178632428260394605e+01 3.209743504720324836e+01
7.023838479328641426e+01 1.174881342747767654e+01 3.217132957510787605e+01
6.927472181633683590e+01 1.175520201405033127e+01 3.173995633620879886e+01
6.939851828607071127e+01 1.185331955344365085e+01 3.194613412179973011e+01
7.514696793879690517e+01 2.763965672276604835e+00 1.559982242526168505e+01
7.026847687672545817e+01 4.608848731568286894e+00 1.719782506969571045e+01
6.468076865264171715e+01 6.820718499329229800e+00 1.769695490966683593e+01
6.163249023543149008e+01 6.300096590510918304e+00 1.790207879443624250e+01
6.065867342981725585e+01 5.540660999495514716e+00 1.733885837495989080e+01
6.033270946773703258e+01 4.849614946266926907e+00 1.789066733996211411e+01
6.034397253349288803e+01 4.569432138993553494e+00 1.795765382036476865e+01
6.226877368156583259e+01 5.810511411740524323e+00 2.081057773143567857e+01
6.448214222091506542e+01 6.769532692516632366e+00 2.423043445456290002e+01
6.826659920840720019e+01 9.959458185908683703e+00 2.913068042413103598e+01
7.140381447113311708e+01 1.248293161741803914e+01 3.324800949633606706e+01
7.416748594672320394e+01 1.411656064705564262e+01 3.603804396527972642e+01
7.581026392414341331e+01 1.441326409492454275e+01 3.752837579574546112e+01
7.655084306008079409e+01 1.563305657313716424e+01 3.948542940963009329e+01
7.758479694522823422e+01 1.543791873141294957e+01 4.055296334538529379e+01
7.764597470043048588e+01 1.577649823941933960e+01 4.201556696459886808e+01
7.742368729048938292e+01 1.578137961750621798e+01 4.167909958323133424e+01
7.704612256954769123e+01 1.635103067992774584e+01 4.164520361365355683e+01
7.665644131669178307e+01 1.678263600656363508e+01 4.197951440195432582e+01
7.346864655646739095e+01 1.682907295248625346e+01 3.941106378012582212e+01
7.425645970702306897e+01 1.711758631946221598e+01 4.023362895792719485e+01
4.626989474142235537e+01 -5.085854183046043531e-01 2.776555174686897942e+00
5.496431964959249683e+01 5.065456273338195814e+00 1.281392931899640786e+01
6.250393058361670739e+01 7.326787099225596123e+00 2.284671292844251766e+01
6.480775327526238527e+01 8.082465145466919410e+00 2.503781387694666449e+01
6.708650839566220725e+01 8.555530477717033122e+00 2.725197626535013740e+01
6.866154786807217647e+01 7.823366265544798637e+00 2.836536498724125721e+01
7.093832444858651343e+01 7.218510595093437843e+00 3.031854460242052340e+01
7.501972420965371668e+01 5.937892368864705617e+00 3.270028738684624869e+01
7.961746217849832874e+01 4.319645832477769787e+00 3.499259031920379925e+01
8.713721414745975835e+01 -1.488785937001143367e+00 3.353392464886579205e+01
8.975167944386934948e+01 -4.865417720153356385e+00 3.046573016479966611e+01
8.867633041364307189e+01 -5.464683565350845207e+00 2.930294543037426536e+01
8.663047493062801152e+01 -6.733006326790865081e+00 2.767018106844835046e+01
8.561778156096349335e+01 -7.431687911164109650e+00 2.557275013754961890e+01
8.472644843228840728e+01 -8.210424577282108061e+00 2.535187653233565186e+01
8.386050494219976770e+01 -7.590335760261219811e+00 2.488815389966260128e+01
8.321232052422888614e+01 -7.999147064815364416e+00 2.416777814112466416e+01
8.315711971354615173e+01 -7.802992797848256501e+00 2.459785980991252785e+01
8.304677042104715667e+01 -7.923373602664074866e+00 2.469399904847656657e+01
8.058322545785702573e+01 -7.432134559013359620e+00 2.302958698310191110e+01
8.076341719101765193e+01 -7.054016092812967820e+00 2.332191263531770176e+01
4.846636940542290972e+01 -3.195710919561678409e-01 3.608986544274186414e+00
5.802823824777476602e+01 6.154336080739522430e+00 1.565244921898694486e+01
6.451925574846957545e+01 7.815849139528239675e+00 2.326900450864760828e+01
6.601316313170860894e+01 8.973996678737570676e+00 2.480686822963278715e+01
6.786685136401003149e+01 9.000171598490744884e+00 2.624683953925076452e+01
6.968057242928398409e+01 9.353193208090981869e+00 2.768747344048303916e+01
7.184682859823250567e+01 8.836316693484855378e+00 2.904050926572053015e+01
7.570808433364354073e+01 7.655420900561464848e+00 3.187044524112990018e+01
8.058005435596396637e+01 5.674244832568017927e+00 3.422569785195974390e+01
8.693571376427159692e+01 -5.377016223394797123e-01 3.354849086357236132e+01
8.989250698180859445e+01 -4.710011339569135203e+00 3.133030278833591353e+01
9.050961486521282495e+01 -5.875208112892694956e+00 3.016738304329040687e+01
8.904686355700066258e+01 -5.374404932894958797e+00 2.844599573045454832e+01
8.759735566152913577e+01 -6.474292405908955494e+00 2.731720148472649612e+01
8.628469408496539472e+01 -6.393664940412281616e+00 2.712406754054736524e+01
8.570643690956865157e+01 -6.368999307979498425e+00 2.652830920825463323e+01
8.522017244808490943e+01 -6.982061486344426804e+00 2.590456697262050056e+01
8.468111758999233984e+01 -6.366775501094958045e+00 2.536092308289840247e+01
8.459541839137786212e+01 -7.096524765581319727e+00 2.567058958332612661e+01
8.231116042771246555e+01 -6.728478421288936140e+00 2.442478634467229170e+01
8.258379094486014083e+01 -6.148013961202497768e+00 2.462173642329476309e+01
5.008846693560080610e+01 -7.317506194429910238e-01 4.157948071421449399e+00
5.970072403794763716e+01 5.890208242387618753e+00 1.535053925906766636e+01
6.565316185446859265e+01 7.844881369143491767e+00 2.264457021819731963e+01
6.662962953563763335e+01 9.376978152649416032e+00 2.422995030433043340e+01
6.818354362450716621e+01 1.012556123726172430e+01 2.527318853288890921e+01
6.999548372024527509e+01 9.935567531834088584e+00 2.684949026792064330e+01
7.218485410632187893e+01 1.035942311271142025e+01 2.817948743641826326e+01
7.566523936283996932e+01 9.070753766383960581e+00 3.017515227238530429e+01
7.988845990890011706e+01 7.666027023272949492e+00 3.268595663930906881e+01
8.637488096094052992e+01 6.280253545737162213e-01 3.277991023888061051e+01
8.906302965925006276e+01 -3.648178224331515729e+00 3.132183749382672744e+01
9.008843617123598335e+01 -4.964628007154283651e+00 3.041223150798627728e+01
8.959828605882729846e+01 -4.668315024432100557e+00 2.931743737627264323e+01
8.844355672205077212e+01 -4.855254226127189376e+00 2.765083040054905439e+01
8.671074334447737897e+01 -4.983845083114982089e+00 2.725327827808435188e+01
8.649859435678088460e+01 -5.539762094713016616e+00 2.727733686623015785e+01
8.628683549143761411e+01 -5.543097898322460360e+00 2.758763117482141070e+01
8.615136086677411242e+01 -4.870036135011447165e+00 2.744496147105984107e+01
8.580064422823265602e+01 -5.099993810755004020e+00 2.758863269336377044e+01
8.339049769928071498e+01 -5.537090773172818281e+00 2.619314026609227142e+01
8.348247525322869933e+01 -4.416593761007318264e+00 2.644256914855986196e+01
5.241090477000641101e+01 2.480469129348579216e-01 4.965202880001687191e+00
6.235183890201804502e+01 6.825457642774207301e+00 1.628804930443083521e+01
6.707477234565408253e+01 9.016858287871007960e+00 2.244347124481704725e+01
6.733562162841425902e+01 1.038789028011275306e+01 2.259524464569470936e+01
6.819569342529125322e+01 1.135997530707621550e+01 2.418339825747522909e+01
7.009676015061103271e+01 1.172120611037330384e+01 2.529752619337322272e+01
7.220424806002280604e+01 1.075563282646832874e+01 2.705409438598547212e+01
7.578084258220744118e+01 1.028895083373955011e+01 2.894768193564132019e+01
7.956632487536110432e+01 8.954597287005716666e+00 3.130414169740291896e+01
8.605000617712693156e+01 1.996727669868954003e+00 3.186146880450993990e+01
8.890923063571764828e+01 -2.692571073260280556e+00 3.105874197304215301e+01
8.978375161845694663e+01 -4.121793799587015528e+00 3.053139384142296819e+01
8.995588327706720122e+01 -4.494918999543837224e+00 3.001941989061931082e+01
8.862761862039151595e+01 -3.801971190247538601e+00 2.883451883346969424e+01
8.754858173867154392e+01 -3.894734678204157419e+00 2.915642020706744120e+01
8.699775608996183962e+01 -4.167425430683351806e+00 2.840099636874430189e+01
8.665065462916869876e+01 -4.060821203795797807e+00 2.790657333867174117e+01
8.630893269407920343e+01 -3.968286788939164644e+00 2.786581602868425023e+01
8.572612588461070970e+01 -4.009198944769659434e+00 2.741161820225715218e+01
8.324564726416357985e+01 -4.549817373957830924e+00 2.627649670981207208e+01
8.343493368089636419e+01 -3.934294223506808130e+00 2.670828986522008819e+01
5.619294111305252670e+01 5.116569086041051762e-01 5.771949458525126531e+00
6.558495781032587502e+01 6.328598665904069165e+00 1.649396531546135236e+01
6.833648741204393673e+01 8.906642720440320460e+00 2.191496955602537966e+01
6.777612373144017965e+01 1.101196940882713804e+01 2.073583437950453856e+01
6.870755432508019567e+01 1.244736419113755233e+01 2.221375015961383070e+01
7.011761919492269612e+01 1.320869803606275816e+01 2.351787236555456673e+01
7.182968922006185153e+01 1.281549747551562035e+01 2.497128267862480300e+01
7.457603724521415245e+01 1.247428753963964354e+01 2.637002251030336453e+01
7.746138913198318221e+01 1.148776680931604588e+01 2.868859286363900196e+01
8.405170923983409637e+01 5.839262191054572781e+00 2.976199771350937340e+01
8.714582430657929990e+01 6.884496201735172960e-01 2.984102429501947995e+01
8.902131425700864042e+01 -2.724053203080551988e+00 3.036401864665391059e+01
8.878956281376963489e+01 -2.142121062093987227e+00 2.943081470574888669e+01
8.822879875801010030e+01 -1.945324936909751834e+00 2.966248385737349480e+01
8.714775843301264047e+01 -1.351027313847239064e+00 2.904828081110357374e+01
8.679344323282070661e+01 -2.135345111174083321e+00 2.861330598957570004e+01
8.691564749684576441e+01 -1.995390938286906390e+00 2.854136870794112468e+01
8.617625787682881366e+01 -1.659295651907287450e+00 2.852163230015670337e+01
8.571415392969122138e+01 -1.425387839205461304e+00 2.773367809536118500e+01
8.315264079721116275e+01 -2.626259583160198474e+00 2.730729683451534839e+01
8.357607640734796917e+01 -2.131992042886516003e+00 2.732493335190233807e+01
6.232473986382886721e+01 3.035546721181501262e+00 6.489606687467343704e+00
6.938939467608246048e+01 8.172817177142302825e+00 1.644803625966877192e+01
6.989199362104967861e+01 9.032939636638241510e+00 2.071539211856328677e+01
6.838460139102397761e+01 1.133489695702441402e+01 1.949177066132445901e+01
6.820599991473498847e+01 1.336086149362370890e+01 1.978388871436148833e+01
6.919999469501316014e+01 1.401719602469682258e+01 2.049408392051703132e+01
7.050194122556075627e+01 1.427788145231273020e+01 2.179466644029692546e+01
7.357368952930912087e+01 1.400726944119029582e+01 2.335780080301913841e+01
7.630226934752060686e+01 1.303851046458866136e+01 2.520390200558333049e+01
8.193320597428407837e+01 9.344414260601549671e+00 2.803410157024547544e+01
8.507678253566143667e+01 4.638418406010283768e+00 2.843651212869205835e+01
8.657197869493435860e+01 1.829472031452858083e+00 2.947324882503769317e+01
8.690059626232893208e+01 1.279652794375582658e+00 2.918157457176751990e+01
8.651270625736835029e+01 1.367356026067282571e+00 2.974465379070194615e+01
8.636071966827223889e+01 9.252260367200504376e-01 2.945661819477273013e+01
8.602407941840442618e+01 4.466911629725958122e-01 2.918915314648028669e+01
8.579556944359268300e+01 1.025340218931373393e+00 2.923269850390174440e+01
8.523111088044569783e+01 4.832545753415402601e-01 2.914389052881080744e+01
8.462494062297766106e+01 1.460018805018973964e+00 2.908464350208330274e+01
8.248391052092742370e+01 1.005220595350883706e+00 2.799474660694554728e+01
8.248964074367763999e+01 9.435326327836817129e-01 2.794197576577371223e+01
7.297923531687563070e+01 7.171031758339276863e+00 1.068034733570269168e+01
7.286587622039795065e+01 8.770650239418603888e+00 1.540591994968264444e+01
7.051636007292219688e+01 9.456180975576224057e+00 1.794198839090023512e+01
6.820295241312854273e+01 1.237154244464448460e+01 1.638040494885824927e+01
6.735349930991303324e+01 1.424873717672796047e+01 1.638235104507268858e+01
6.836248670582492082e+01 1.515586857618801986e+01 1.678675762105994096e+01
6.952349412442137577e+01 1.522296899614380550e+01 1.748792247054938542e+01
7.196979756087786484e+01 1.505376609246144781e+01 1.890532039028428102e+01
7.421098890626255695e+01 1.484531166821641790e+01 2.051492464192152809e+01
7.897208440289891485e+01 1.248855179963302220e+01 2.236493542910686472e+01
8.197452197308651023e+01 8.963433916983234440e+00 2.505543606513863253e+01
8.351304642201108663e+01 7.183618308524373219e+00 2.611321695593775161e+01
8.390730124730214357e+01 6.438281964755820042e+00 2.668735342057500048e+01
8.435789916988221648e+01 5.103446248303597166e+00 2.829427591850170387e+01
8.362674816158416036e+01 5.215473215016122488e+00 2.785175763073682020e+01
8.353537343011583971e+01 4.368259848409514312e+00 2.800368688828966413e+01
8.304161670662260519e+01 4.237198470805009443e+00 2.818111489714676310e+01
8.271654923994314856e+01 4.159699773142609303e+00 2.794278102797527197e+01
8.238129932325594496e+01 5.109979516020300316e+00 2.699150097346622346e+01
8.026343303750292080e+01 3.447598364761455869e+00 2.762913987179180708e+01
8.028186117587546278e+01 4.266788478799975692e+00 2.742094380330031811e+01
7.518690290706540225e+01 6.501860032468737671e+00 6.311297051857735596e+00
7.285390328836260210e+01 8.754227026679199497e+00 9.573647459500669754e+00
7.061849143775262405e+01 1.025106215014046285e+01 1.323130797088164101e+01
6.844281870395747092e+01 1.304716611828444783e+01 1.328425387744792729e+01
6.718666849195103907e+01 1.463143078337006386e+01 1.245170712456625139e+01
6.773458873205683517e+01 1.534036728331379251e+01 1.204867760850038039e+01
6.839188692102428035e+01 1.556545081735331593e+01 1.186429450036708388e+01
7.011019279550001215e+01 1.565244405341617551e+01 1.182785051901440809e+01
7.106042106888831711e+01 1.585922724596337474e+01 1.039903492902673676e+01
7.372901559849039188e+01 1.454809993133273238e+01 1.204192644707078941e+01
7.635236161819041456e+01 1.307485428895402535e+01 1.680521845949566639e+01
7.806690091077796012e+01 1.127473361624220516e+01 2.045780872445772047e+01
7.871549019963849503e+01 1.078108897538646005e+01 2.190393556792434282e+01
7.842099222349739307e+01 1.085818392875562566e+01 2.279889494318019061e+01
7.841480491950427734e+01 9.187279120900235796e+00 2.415067141176145427e+01
7.853020873129669610e+01 8.643800600158531466e+00 2.405732205379472788e+01
7.841894866585943191e+01 7.955636067732399397e+00 2.520015930807330307e+01
7.828458468831306050e+01 7.913927301840708139e+00 2.522590165723208600e+01
7.809368515520827714e+01 7.875494729265117400e+00 2.495515924885757997e+01
7.573734307879246330e+01 7.832649337728330607e+00 2.566441322590047491e+01
7.577261115686818016e+01 8.583528399402441167e+00 2.445232931299462109e+01
7.585374102358697712e+01 5.400945393716728660e+00 4.109700508518475459e+00
7.326730636279094711e+01 8.061218673336435714e+00 5.753481165390601504e+00
7.144195342104346480e+01 9.964979244838897188e+00 9.332437557061005862e+00
6.945702701347296681e+01 1.179269381917687198e+01 9.770002569680499960e+00
6.836672939996310561e+01 1.368387353987182209e+01 8.742358892088555322e+00
6.855774349496657294e+01 1.393016905181469411e+01 7.716184004857858270e+00
6.856472790333093315e+01 1.457150086695824243e+01 7.432014243437199852e+00
6.855662331673794085e+01 1.382298553530171148e+01 5.483248115178312787e+00
6.888383218267932762e+01 1.414531425219259830e+01 4.605149836650531014e+00
6.930353495732612146e+01 1.405415810486913131e+01 5.706564083043314639e+00
7.016157062927990751e+01 1.433686287673905113e+01 9.602755772781041088e+00
7.116022837704063875e+01 1.344268124180653956e+01 1.393182103256255289e+01
7.194698288544361731e+01 1.325093101761657977e+01 1.663724034195139012e+01
7.279262768414710649e+01 1.161322329195345482e+01 1.850978315284885767e+01
7.319227169126693866e+01 1.098187485710436206e+01 1.974636196769785101e+01
7.292477060493037300e+01 1.064271276992088389e+01 2.051748240821338953e+01
7.268787498901545518e+01 1.070157908912844569e+01 1.991270453911458205e+01
7.249725362788340988e+01 9.616293516193120894e+00 2.043244704657600508e+01
7.180195606376058493e+01 1.006608235139920460e+01 1.968667704266587393e+01
7.043998281420762453e+01 9.077740262410761929e+00 2.123003842773593774e+01
6.990409453134782325e+01 8.592711742246793349e+00 1.973837954337428613e+01
7.790083717294157850e+01 0.000000000000000000e+00 0.000000000000000000e+00
7.580660220655296655e+01 4.772451532266269503e+00 3.562440490228386381e+00
7.458379060898874968e+01 7.918066310575142097e+00 8.396431264738165368e+00
7.323983769180593129e+01 9.309872614740404728e+00 1.023631564056540100e+01
7.162885027044971764e+01 1.066154870927747922e+01 9.238936747754930678e+00
7.102470339192687732e+01 1.107060649541889497e+01 8.990036549373535024e+00
7.056154212138667958e+01 1.235346947231388270e+01 8.860929156732316514e+00
6.937053038053373655e+01 1.284688796913665421e+01 8.241419736948884633e+00
6.784694322910029030e+01 1.308664377205981388e+01 7.393143386513617799e+00
6.545160671430038235e+01 1.331825738953888205e+01 7.543228847827730732e+00
6.469830492826795876e+01 1.293648473626248396e+01 1.076568573572379606e+01
6.544474075889216635e+01 1.311152722071383536e+01 1.292051785161969946e+01
6.596760161236699105e+01 1.165737337091139736e+01 1.518096308169064201e+01
6.613033498559387624e+01 1.050818860583051162e+01 1.636225661374982820e+01
6.630182836929284917e+01 9.678250859457499189e+00 1.701554413382411468e+01
6.633759590318085486e+01 9.734997884057815298e+00 1.733361006099042712e+01
6.593025301270736804e+01 9.331133622746397904e+00 1.709830955178049550e+01
6.546391265631801559e+01 8.738319436045598465e+00 1.622982456020608311e+01
6.425580802491421650e+01 7.819649073038235088e+00 1.539007332757904578e+01
6.358280925635061465e+01 7.618419838492087592e+00 1.715595491886732304e+01
6.267256569831589275e+01 7.496637594764854029e+00 1.577134788439325774e+01
7.658595309567363074e+01 -3.585471881916558523e+00 -4.204527076390041529e+00
7.707036695207155219e+01 9.822039151318282535e-01 2.849826387752102619e+00
7.629559146516241697e+01 5.092016039094837687e+00 1.158088477835659447e+01
7.431527969797053856e+01 6.103683245928477774e+00 1.393789563569554346e+01
7.242236035569916908e+01 7.286527615534787117e+00 1.487149426512111816e+01
7.132812433445869260e+01 8.523390927565301922e+00 1.529411647683738096e+01
6.980727601207433963e+01 8.883494097445810311e+00 1.558643349444411541e+01
6.700085963323590477e+01 9.535102234752164563e+00 1.484824725149875491e+01
6.472061622232004652e+01 9.913916018363355676e+00 1.437358698055179218e+01
6.170497204209623021e+01 8.013107119014268420e+00 1.457271519172346430e+01
6.113837603418534172e+01 7.228547101189366941e+00 1.481911326429965570e+01
6.085523843738526750e+01 6.192544012204496795e+00 1.541745743590279005e+01
6.129686520262012550e+01 6.198769503094384348e+00 1.620476301220256232e+01
6.178198151423379159e+01 6.270190906975516398e+00 1.749437488028927135e+01
6.183374246790320683e+01 6.401708481631937175e+00 1.806117025107650065e+01
6.200871082840372139e+01 7.724977812454692838e+00 1.883886016868190083e+01
6.242674868970097179e+01 7.766053439332010200e+00 2.012715195565372639e+01
6.209253046207906834e+01 7.559637850608449838e+00 1.969045344617950732e+01
6.147435412169970448e+01 6.970991500826045240e+00 1.937256045074118305e+01
6.275821916704018122e+01 8.459532248417529487e+00 2.230754399367862106e+01
6.304606149490632561e+01 8.089357132065563505e+00 2.263120402360431882e+01
7.677175705064291833e+01 -4.409159894485812359e+00 -1.631656057112171432e+00
7.847249606786249387e+01 -4.429463116950280721e-01 1.003310065367138648e+01
7.557292888193829583e+01 3.575918237131670452e+00 1.860859549536825597e+01
7.181969268496771974e+01 5.602147314771450226e+00 1.980231468952741380e+01
6.934931216377275121e+01 5.818835777496946804e+00 1.979575730484862817e+01
6.815934188032137797e+01 6.640053269333645147e+00 2.013762735723789632e+01
6.711923376800578467e+01 6.160534489647464085e+00 2.031120877489967924e+01
6.569485491585494685e+01 4.168478528805528605e+00 2.095573825309004334e+01
6.520502168071571703e+01 3.558842059722506335e+00 2.128252135332367700e+01
6.533635124327005883e+01 5.064152396093742681e+00 2.234298454724205385e+01
6.685872684668366617e+01 7.957445135194472385e+00 2.644334718034912157e+01
6.972749248045610670e+01 9.633740390895026096e+00 2.980805184165330246e+01
7.153480236842862894e+01 1.136647645063872325e+01 3.231056503633322308e+01
7.315840084036973678e+01 1.267763496561934922e+01 3.431583264667504096e+01
7.381100002444307506e+01 1.314792103038244520e+01 3.506103879048313132e+01
7.399125205895711588e+01 1.236830135433967293e+01 3.580735542883611089e+01
7.419423617797892234e+01 1.288251875131398094e+01 3.556259268463651324e+01
7.357222729184458387e+01 1.309533168554200344e+01 3.573636694854075557e+01
7.346860345670498305e+01 1.241351071152579522e+01 3.555995944302150491e+01
7.312832541540420550e+01 1.388795068680080647e+01 3.613291429431730961e+01
7.338400691794565489e+01 1.387128196008815451e+01 3.645150450408997500e+01
3.935809029526740233e+01 0.000000000000000000e+00 0.000000000000000000e+00
4.534064832673275447e+01 2.306686831397426474e+00 9.368986219323247155e+00
5.064135388174295827e+01 2.746494063426347054e+00 1.727553778890831282e+01
5.342728336850653648e+01 2.207238930542104960e+00 2.001146329368576460e+01
5.352658287458774566e+01 1.813531352592240964e+00 2.006499029106661069e+01
5.329637992696505933e+01 1.506478078794517117e+00 1.948768973877982447e+01
5.298560479355506914e+01 1.412909265362165101e+00 1.935815187777124180e+01
5.354785456698840562e+01 1.022680523735249647e+00 2.045376014956798727e+01
5.468332043590291391e+01 1.402664549580761033e+00 2.171664042130570138e+01
5.754105875070742115e+01 2.130581843980480450e+00 2.490943455240359938e+01
6.041631742466562116e+01 2.532909439574009269e+00 2.825414209136727095e+01
6.433465277186623155e+01 1.390253902349668280e+00 3.081449306147998612e+01
6.716846587392232948e+01 3.370432793404716243e-01 3.218063831631656058e+01
6.953158645556079875e+01 -7.894639831010987763e-01 3.245928458542233841e+01
7.154667086711637580e+01 -1.661215544954887324e+00 3.203830462169825921e+01
7.222300108502010119e+01 -1.949324196244218932e+00 3.222142269525694758e+01
7.201834093737632259e+01 -2.488645740801453954e+00 3.115777119492438629e+01
7.153022544870535171e+01 -1.996238906909567401e+00 3.098569761633656583e+01
7.096475822232123676e+01 -2.283423339808938302e+00 3.029590200713525405e+01
7.226942309631060368e+01 -3.913053499511247590e+00 2.980209384594424193e+01
7.114122587089897820e+01 -3.280053502881095540e+00 2.948588413817329013e+01
4.180600950179174902e+01 1.756216174362235094e-01 1.850529913459132203e+00
4.946445092527216048e+01 3.248493607540794414e+00 1.173421151529707274e+01
5.446511742567061276e+01 3.495550332122582482e+00 1.889591738997823711e+01
5.594748827305964767e+01 2.813185153360787893e+00 2.190277963833438690e+01
5.572823608410863017e+01 2.931503832587610603e+00 2.176098725747661078e+01
5.489437510371492124e+01 2.164209179965205898e+00 2.134733089358977409e+01
5.454258531682623357e+01 1.917587899403628171e+00 2.094193280441553640e+01
5.473708000591523160e+01 2.148683464144743205e+00 2.136840146182919753e+01
5.593047353320405080e+01 2.583066138052124927e+00 2.313022241632780762e+01
5.876613105058356723e+01 2.659041453740037753e+00 2.611628829418798858e+01
6.181227962516737762e+01 3.119721250775784327e+00 2.885047813545035211e+01
6.486250408618133179e+01 2.870086258364522358e+00 3.155977558312655162e+01
6.745751202458282592e+01 2.042532614277985381e+00 3.244674685334594244e+01
6.979396135751571251e+01 7.964173022520339984e-01 3.372338148400180557e+01
7.168614215883286533e+01 2.471608791919930326e-01 3.337228222468963423e+01
7.265768221382475645e+01 -7.512399462953274210e-01 3.345802438179118354e+01
7.274782741596430924e+01 -1.093000681655828643e+00 3.298734015863036007e+01
7.227271990506983457e+01 -1.911016783894830873e+00 3.200995120981262687e+01
7.138844562601951793e+01 -1.115653749201074074e+00 3.194196301575978225e+01
7.277140431439691781e+01 -2.406337264843156021e+00 3.145884003690544972e+01
7.150893365207382146e+01 -2.291921562566377801e+00 3.099739439630339177e+01
4.322994198557439915e+01 1.092273103639174181e-02 2.858625662753096819e+00
5.224750571540577937e+01 4.037759317056944575e+00 1.304522094203064952e+01
5.684517533302326342e+01 3.917920820498157042e+00 1.996294491743883981e+01
5.771732539650183469e+01 3.786324850172295697e+00 2.265782444261821382e+01
5.680083062990809140e+01 3.703716875978010137e+00 2.233003890051990226e+01
5.574303052282799342e+01 3.157209209372156877e+00 2.183649215061372217e+01
5.511556500053086438e+01 3.220590236212448332e+00 2.182758709868424774e+01
5.502239569289416465e+01 2.972754647709557219e+00 2.171177404831680136e+01
5.599774020481913794e+01 2.708349785979397240e+00 2.238017356815053915e+01
5.869664010040970936e+01 4.013275582693001553e+00 2.599362967919291378e+01
6.161725305054626745e+01 4.334672039153331546e+00 2.830258465853968630e+01
6.443611412111241066e+01 4.342737054132140173e+00 3.099956037087282112e+01
6.704909593247663224e+01 3.230492804348394031e+00 3.256470407697868552e+01
6.911613612589772515e+01 2.722454271330665421e+00 3.351510703689469750e+01
7.097413494715955551e+01 9.520969023927992048e-01 3.427169494570056685e+01
7.229340948497012675e+01 2.610361017797035998e-01 3.373448676648121847e+01
7.290416975496856367e+01 -7.983473383514718691e-01 3.312970956142347490e+01
7.311466584499292765e+01 -1.052221185281524640e+00 3.339756244583186628e+01
7.220170274066167337e+01 -4.397444126091691885e-01 3.190793665750050678e+01
7.322751142209028785e+01 -1.944106816870357690e+00 3.146099318256850808e+01
7.187746623781674771e+01 -1.122519442379028121e+00 3.132671222284800194e+01
4.619486096993052371e+01 -2.580540294733761897e-01 4.103184074766609513e+00
5.595125288409337827e+01 4.290706076436253902e+00 1.497446496100578628e+01
5.953654247001078659e+01 3.872663773229334083e+00 2.106113042934098090e+01
6.000829928195568641e+01 4.134861768263043302e+00 2.309215730864470828e+01
5.875762729580118560e+01 4.136885275299987619e+00 2.319687132827290199e+01
5.768868385038197744e+01 3.548607631396000883e+00 2.346863459395535045e+01
5.627507917867382048e+01 3.847066270153933765e+00 2.272888419867085474e+01
5.630356803387154230e+01 3.790876297332253841e+00 2.300045889171065738e+01
5.666563799739383001e+01 4.023932663226946538e+00 2.372172086856885542e+01
5.894406941825776869e+01 4.677624643001419003e+00 2.563789247838234786e+01
6.226632609208346025e+01 5.460227103306504404e+00 2.834014065148463857e+01
6.491645905590875998e+01 4.870872721058967514e+00 3.057696216931977062e+01
6.752488575594236409e+01 4.287990946569125938e+00 3.290039244869027613e+01
7.009056306093278010e+01 2.687193160463480446e+00 3.402990559731862419e+01
7.177988658987408144e+01 1.353115528242934573e+00 3.405322143610289487e+01
7.224813020554280740e+01 1.698790561539837540e+00 3.412674369275619313e+01
7.314755984917565002e+01 1.563866711055368341e+00 3.344380274303841105e+01
7.267268591735600580e+01 6.834617428370526326e-01 3.404613573650395608e+01
7.201755141961322693e+01 1.289036029741839506e+00 3.227437743411150706e+01
7.282974208389705950e+01 -4.325531426003434987e-01 3.218196020011496472e+01
7.177359778592636985e+01 3.138730490349210811e-01 3.174158796276190486e+01
5.117438641476087469e+01 6.894334035672065042e-01 5.886340607017414683e+00
5.944877764966916800e+01 4.924395460559351179e+00 1.722868410836491648e+01
6.117057159928273791e+01 4.355920049672540095e+00 2.130661753848234596e+01
6.140795358321810227e+01 4.612029293947875530e+00 2.270876215527768593e+01
6.022203435448783182e+01 4.808807803878140774e+00 2.407370486312455782e+01
5.904363505455377492e+01 4.696882033374060406e+00 2.385188710227964037e+01
5.715147168151250412e+01 4.686931243035952654e+00 2.342003459233901452e+01
5.678939923854746041e+01 4.711838350106676288e+00 2.258055752011362927e+01
5.716161260062419558e+01 4.943851299828242674e+00 2.349799110134638980e+01
5.961337333594856602e+01 6.075691776549792422e+00 2.533172088163686908e+01
6.230641115622719894e+01 6.352690321955133612e+00 2.794177594229919492e+01
6.440700920201261681e+01 6.093060551974582850e+00 2.999445452637443310e+01
6.633401577451766684e+01 5.751316068696365136e+00 3.161084934175647021e+01
6.913529868031243097e+01 5.180520657105045501e+00 3.271970244958156115e+01
7.088336251357328877e+01 3.994976345223143710e+00 3.410865748448242840e+01
7.129001945840306576e+01 3.695876758045807620e+00 3.364059347057769145e+01
7.197600102251577425e+01 3.393532340567069205e+00 3.332167765795485792e+01
7.155111230868695316e+01 3.485435551768137685e+00 3.324073320710346735e+01
7.117903589110534313e+01 2.708822401254202816e+00 3.279708456333493416e+01
7.183817731352621649e+01 1.602099439841015105e+00 3.151517596536222499e+01
7.163629171715639643e+01 2.087797588239034496e+00 3.198606663497156433e+01
6.043246309261668614e+01 4.153691509922534664e+00 1.343496305903832067e+01
6.282476007530145523e+01 5.574603755095948188e+00 1.838235717738309205e+01
6.331964916933578991e+01 5.086195870607900460e+00 2.133927092337479792e+01
6.287138614817237681e+01 4.677078780506601419e+00 2.304236409242662020e+01
6.174987335430201085e+01 4.716551847036750900e+00 2.412560347957277784e+01
5.985944117660221764e+01 5.355122909454042457e+00 2.372723846607431142e+01
5.834302827389959134e+01 5.549430246858644722e+00 2.305973770833970349e+01
5.740304859481108224e+01 5.639341938618951389e+00 2.253037926272427072e+01
5.711579782964366814e+01 5.853357862702884162e+00 2.269030412862498380e+01
5.901201486602252544e+01 7.341864330352564139e+00 2.391914195691846956e+01
6.109079248185045685e+01 7.757347830775740860e+00 2.634585494601532929e+01
6.335691876987489479e+01 7.192078550460092146e+00 2.861672947532196787e+01
6.491109554319771746e+01 7.217355126689167122e+00 2.944623423069189272e+01
6.773792986248987802e+01 5.890391107831632667e+00 3.163666106935122713e+01
7.000028329908404601e+01 5.180934739201244810e+00 3.279850801332671750e+01
7.075448718379914226e+01 4.742811479061851188e+00 3.222349965689152640e+01
7.098198993372440668e+01 4.522801006440985816e+00 3.251597545355950558e+01
7.121291848998077967e+01 4.227047563589115597e+00 3.196340758719590269e+01
7.058812129101083599e+01 4.099612478382159253e+00 3.175096960215104502e+01
7.034064265524800419e+01 3.559973132209744762e+00 3.075082690764980953e+01
6.944488123785349387e+01 3.936444681210909735e+00 3.029333106468057224e+01
6.393004264350280152e+01 4.517562165465719204e+00 1.644632551040792023e+01
6.405020420547104720e+01 5.265570642682920521e+00 1.892888133498636094e+01
6.471951033234979889e+01 5.662493115308013358e+00 2.085072071638188262e+01
6.428293377985056622e+01 5.458497259340891361e+00 2.250929028844116786e+01
6.239108982863062636e+01 5.689142989541814188e+00 2.321532798156261634e+01
6.078533510756138014e+01 5.829425522753400202e+00 2.328920553132389060e+01
5.894196333710972624e+01 6.082807270151100454e+00 2.288816645138017236e+01
5.765498574572944790e+01 6.937157780663616435e+00 2.191750331563702758e+01
5.700021002596947994e+01 7.223124381945915218e+00 2.168175112728293641e+01
5.814586407148009073e+01 8.096774878704977141e+00 2.212915226888376452e+01
5.971217856413102254e+01 8.660778609800720673e+00 2.351350038044490987e+01
6.155410374555302155e+01 9.332351949505069300e+00 2.573567414481362192e+01
6.342788318315322726e+01 9.352666458634390168e+00 2.722169444614205958e+01
6.539058196461736827e+01 8.281362837384111941e+00 2.849357053580279597e+01
6.728889636694881915e+01 7.386506062128677996e+00 2.932938533688287208e+01
6.856557390861262036e+01 7.310109817471619920e+00 3.071753919410157607e+01
6.839564761032748663e+01 6.619651607467620380e+00 2.974652399852384832e+01
6.859552965139144476e+01 6.727939340431550619e+00 2.977572336317889778e+01
6.761700582824541073e+01 6.894657345693286032e+00 2.911864186519438391e+01
6.771413954122904499e+01 5.958190686504035938e+00 2.817127083456763614e+01
6.735750464554524797e+01 6.560455199594699138e+00 2.788885617039207432e+01
6.606302364878376920e+01 5.020992801173804310e+00 1.754195135001190664e+01
6.541633546933638854e+01 5.843568404062381205e+00 1.837438888955209393e+01
6.524269061209859899e+01 5.943205365542519658e+00 1.914718488561307552e+01
6.479447034348362422e+01 6.169999298471079641e+00 2.073855050267269462e+01
6.336175126002710556e+01 6.665154461397811758e+00 2.168971717208437866e+01
6.172037804408084583e+01 6.510724678481274452e+00 2.173392490329960935e+01
5.940699989776879875e+01 7.079979584087988442e+00 2.083221714373647160e+01
5.774053860894872514e+01 8.031482957923408605e+00 2.014924440576054110e+01
5.652504842949038277e+01 9.308779152037880422e+00 1.884366563409332684e+01
5.683776562054293890e+01 9.175388578831972453e+00 1.872076131056991244e+01
5.755084778933648693e+01 9.572472918744537651e+00 1.941889219920458487e+01
5.873146975921834212e+01 9.675682001714605462e+00 2.131988748571543368e+01
6.035587293903493844e+01 9.444362402833602843e+00 2.234061307712016031e+01
6.183930968879768386e+01 9.395924180838878925e+00 2.327014802735229537e+01
6.284094105119012852e+01 8.870428015101385455e+00 2.341390833809890992e+01
6.349641377616232774e+01 8.875910421312733334e+00 2.435379507006260269e+01
6.408220890080485788e+01 8.693515566548800422e+00 2.371281898903539798e+01
6.439974297993963148e+01 8.620019588374557173e+00 2.455009305974595080e+01
6.350526997851839894e+01 8.606218114704493161e+00 2.320780539658920816e+01
6.379180569737953022e+01 8.632603725385671112e+00 2.320040789886915533e+01
6.325731985290623527e+01 7.928396845122616554e+00 2.259296011034767204e+01
6.722894863592726722e+01 4.528601207975336607e+00 1.681682391031301549e+01
6.578952257925762126e+01 5.438599506821132579e+00 1.690033096531008638e+01
6.502187845649416431e+01 5.904899399764959256e+00 1.618522682590709749e+01
6.460381222835223980e+01 6.217881458634519021e+00 1.852379497036487876e+01
6.322913525085616016e+01 5.925237240596489485e+00 1.973567888367838918e+01
6.146905042812647935e+01 6.750664521059839274e+00 1.933190994108080929e+01
5.973506685989961795e+01 7.195310303511162076e+00 1.904436130403619032e+01
5.723483833499454931e+01 8.074030315520879242e+00 1.724529793969448122e+01
5.596311300664146415e+01 8.873420257501972941e+00 1.642014895525927187e+01
5.519514107082574128e+01 9.503016231201179664e+00 1.595096213676660213e+01
5.555869610212839405e+01 8.983899181405085699e+00 1.596626862135185121e+01
5.613131270376403847e+01 9.327732795187541726e+00 1.628011344989844389e+01
5.739474774612028796e+01 8.978827148503075506e+00 1.633000788139779047e+01
5.810406803235623840e+01 9.326969102805509948e+00 1.658760972980032378e+01
5.903304773188128252e+01 9.237527393752305471e+00 1.714963580000851806e+01
5.923304177420698124e+01 8.851218047300195124e+00 1.663876749493244134e+01
5.909570590158634218e+01 8.863029687848369420e+00 1.702987838210485450e+01
5.982235064570207328e+01 9.606291001342128766e+00 1.749709697444940559e+01
5.839989669963274821e+01 8.943186566848870811e+00 1.612572059110745215e+01
5.899177927266440236e+01 8.539055656334372912e+00 1.711066610586036063e+01
5.848307199619796393e+01 8.940619737321561900e+00 1.633504360142519118e+01
7.085462648776668004e+01 1.433239979048515522e+00 1.508652862770749437e+01
6.867884194787538377e+01 2.817207212606767541e+00 1.499658004905287001e+01
6.639197600185596571e+01 3.717273290709036004e+00 1.483326386747211956e+01
6.534931034676489503e+01 3.733508849530212892e+00 1.565476941865520999e+01
6.383742660292354287e+01 4.156790388800503777e+00 1.659563683986783289e+01
6.260722813431392808e+01 4.704842641982459384e+00 1.628933547695595152e+01
6.109938559449422257e+01 5.790954289604329119e+00 1.620331742480979642e+01
5.841805752189536349e+01 6.671063339128847858e+00 1.470475782937872822e+01
5.597852113641418725e+01 6.657169940930064200e+00 1.355092644643643141e+01
5.471002734291172942e+01 6.645743698545739875e+00 1.226414489050217682e+01
5.518292482662138809e+01 7.046045912335305417e+00 1.192709119974920995e+01
5.596226418743997044e+01 6.829053997143130772e+00 1.190176496863768918e+01
5.670892776263224277e+01 6.847609211298147258e+00 1.159213308015161559e+01
5.730845545758103299e+01 8.202132164517863089e+00 1.192500949810683153e+01
5.749470287950069292e+01 8.451304190215676471e+00 1.257061950968314790e+01
5.788621948827587005e+01 8.199706317539916967e+00 1.323326596973937797e+01
5.770854801646656540e+01 8.520864964656745144e+00 1.308134627908279413e+01
5.888707579173697582e+01 9.109972376588732601e+00 1.479731612165241117e+01
5.704292923658967140e+01 8.729836126291463216e+00 1.226157139991119749e+01
5.657002271973551899e+01 8.030726392488977794e+00 1.252614336425735786e+01
5.619676747331840261e+01 7.369993805565071554e+00 1.221123695745249194e+01
7.111952452305985162e+01 -4.484225959153636865e+00 6.474098123109705227e+00
7.089412266946179386e+01 -2.647596839279869663e+00 8.281988377982976601e+00
6.954690255446470815e+01 -1.647227724149504802e+00 9.515784217054921612e+00
6.774038617589285138e+01 -1.240296676262675035e+00 9.934111330305011478e+00
6.547334762520299023e+01 -2.051386905260734750e-01 1.027257719160238381e+01
6.396461687404905661e+01 1.234914804192854376e+00 1.014147785411308078e+01
6.210316060413673256e+01 1.577673535268957039e+00 1.046511232278917802e+01
5.905636771584831024e+01 2.458400697529739887e+00 8.325713037449794740e+00
5.694796910283930913e+01 3.475632761482637001e+00 6.987964966281776213e+00
5.550127593135360371e+01 4.101105135031437143e+00 6.114636435501637379e+00
5.636823323634675376e+01 5.070206237374357272e+00 8.074449196979820442e+00
5.644112854381599220e+01 5.651388053872469897e+00 8.721596973422702348e+00
5.699444515590323590e+01 6.027042855790515574e+00 9.689168559144079040e+00
5.696772151210726065e+01 5.310614977906309875e+00 1.029797162223396612e+01
5.720106236356993179e+01 5.236264706582665518e+00 1.116425887577908327e+01
5.716103657536447713e+01 4.916227315663449282e+00 1.122791751405084426e+01
5.722663237231445521e+01 4.595070016816574565e+00 1.155470321554309621e+01
5.866770897022725251e+01 4.945842540118125186e+00 1.291856738604413124e+01
5.576226988024656350e+01 3.907735714413691497e+00 9.616943921369713877e+00
5.604147001770239456e+01 4.674482039952524204e+00 1.150137594995140944e+01
5.598727956795148941e+01 3.830114018679661392e+00 1.148487514665336207e+01
6.713514571220164839e+01 -5.866941267592743259e+00 -6.511391715562131921e+00
6.895720410904633013e+01 -4.529466053517689161e+00 -2.478608711105841245e+00
7.020156608658014363e+01 -2.976325629830848030e+00 1.962830587017361239e+00
6.973339057923089968e+01 -1.422610282766371359e+00 5.013913786163829656e+00
6.711147325994805612e+01 -3.556783066043101016e-02 6.514282924971890765e+00
6.433749872281994442e+01 1.685107163249229600e+00 8.050573336340208996e+00
6.179294466782764061e+01 2.379523195670320668e+00 7.657958591081552413e+00
6.021162782583805040e+01 2.963947961741872916e+00 9.141583300255835098e+00
6.022115004190899867e+01 4.082823057137941802e+00 1.073968927679047880e+01
6.135379223384387615e+01 3.881800288003100619e+00 1.411160253299090783e+01
6.181080932480317358e+01 2.832078583056041765e+00 1.593497880801058386e+01
6.259788283693798405e+01 3.248869801290901194e+00 1.745179949838526312e+01
6.385635433005694495e+01 4.706017698724314080e+00 2.003187652784980699e+01
6.522788103886206557e+01 6.636107941373701635e+00 2.192291249043772083e+01
6.689841819181069127e+01 7.767062344477583480e+00 2.419284921106874719e+01
6.764763199393027548e+01 8.450307300035492020e+00 2.565794207653564740e+01
6.898881133574892033e+01 9.410393241761445537e+00 2.772478408810697204e+01
6.981445603455763660e+01 9.683595743211043327e+00 2.838819857441953332e+01
6.923450112488251307e+01 1.054292301957380751e+01 2.881870993137339099e+01
6.904694669227333748e+01 1.153265111881686877e+01 2.977850281022835333e+01
6.873499666855879298e+01 1.135318727847474918e+01 2.979610656458343954e+01
