4.870984211772417893e+01 8.316405151724492129e+00 4.623863776896541822e+00
4.158664251577280169e+01 1.306226518467953923e+01 6.260292010538471175e+00
4.720268273458607666e+01 1.444174114824886601e+01 3.942298365263785520e+00
5.771182478250833014e+01 5.215153902609570125e+00 3.068051340843136465e+00
4.354750677035637096e+01 1.036469122865052483e+01 3.552806844762135263e+00
5.877186011096254958e+01 6.780419005400162291e+00 1.264691928707117796e+01
4.141605514852999903e+01 8.486753826925930611e+00 1.237989763944813415e+00
4.929336793498970337e+01 7.202978595609533130e+00 9.556037780235282497e-01
5.414452118781002810e+01 1.261893238134459416e+01 1.577417132332792349e+00
5.873713875734664214e+01 -2.673305569981243579e-01 1.344891907764544925e+01
5.368271125054901916e+01 3.174305119405140818e+00 7.756159305647303270e+00
4.082106498010227824e+01 1.163549167203115076e+01 7.566372617869898676e+00
4.022311144228549296e+01 5.112882344863178830e-01 1.086915748975836316e+00
5.324966947645457083e+01 3.978982044374246296e+00 5.477925216837009614e+00
5.715751069557765618e+01 1.021780801405874861e+01 9.488723201671867002e+00
5.795668466063908397e+01 1.286721296522919111e+01 -1.123259228904172069e+00
4.584114107633580204e+01 -8.567471571463425306e-02 1.156402471787478703e+01
5.377379070873462297e+01 -4.828685624234108076e-01 7.241831409690036025e-01
5.226289850991547326e+01 9.894522336684641317e+00 6.692889126039136549e+00
4.877278072302328837e+01 2.763087612166703622e+00 8.479162286305029994e+00
5.077926453530304229e+01 1.289259797979408440e+01 4.084842039841607431e+00
5.850698137794017839e+01 8.855163566976298029e+00 1.734020377229428256e+00
4.038867736540540676e+01 8.328942900710178066e+00 3.627508684537839034e+00
5.660069894633934950e+01 1.285024727909200859e+00 8.090389794730867834e-01
5.568914500674806334e+01 7.068936174439322428e+00 8.232609016191005935e+00
4.700624169903444027e+01 1.299954474883202593e+01 8.566173313873747475e+00
4.843981299977707522e+01 1.079614968775705108e+01 2.817084594301078049e+00
5.084443022898348374e+01 6.348322331600265045e+00 7.076083927342380342e+00
4.338811899674141870e+01 4.158230900700998767e-01 1.087751177438999228e+01
4.309747764442394669e+01 -1.190851417093352627e+00 5.678061581503346389e+00
4.306350175050065587e+01 1.014688277018171991e+00 1.060447022520825122e+01
5.997590387858164718e+01 6.555657530507296826e+00 1.011083583070837477e+01
4.959872953399478490e+01 8.904855610720186831e+00 4.658119292595119809e+00
4.802679983469158742e+01 7.556218235452716314e+00 -1.112019946044373597e+00
4.381512412209381324e+01 4.393718378577160522e+00 1.140503920378943548e+01
4.467774181716975335e+01 1.272398424543830231e+01 6.455232302338142603e+00
4.756173006589956032e+01 1.522477072580630253e+00 1.106799385730001717e+01
5.908508594973316974e+01 8.715790693964608593e+00 9.158450906473847297e+00
4.512552123366710077e+01 1.460928932208616082e+01 9.658881455801427762e+00
5.923780036971325558e+01 1.034104889026527019e+01 2.453012767816620254e+00
5.928749752407097162e+01 1.221338575277136584e+01 1.939186713018670183e+00
5.643475415743751000e+01 -1.465739386277253864e+00 1.290335749539495147e+01
4.207954491125688179e+01 8.181029036898879170e+00 2.845319513112087861e+00
4.357316742879291382e+01 1.390845671404738937e+01 4.786322100831075232e-01
4.348457443031291803e+01 1.029331002079242374e+01 3.013157817553357987e+00
5.294679988714577235e+01 2.051047434108610457e+00 1.527776657299106944e+00
4.960485625451873659e+01 1.268056969171565918e+01 4.953803082719865358e-01
5.652716823957793224e+01 1.342716146154909751e+01 8.041277722718032095e+00
5.048000214242978245e+01 6.942360272109149300e-01 8.505035637266544768e+00
4.917630631261289409e+01 1.848378305606468430e+00 6.310510383334499984e+00
5.318774064123002177e+01 1.417464071465851561e+01 9.768795740565860086e+00
5.806170182862399543e+01 3.933749749839288157e-01 -7.008340530245682487e-03
4.992990827212372551e+01 1.127302042620292966e+01 1.056959275272419951e+01
5.746257104023429463e+01 -1.199464806065697609e+00 1.290470679164426038e+01
5.050839725306627770e+01 2.279975172542247908e+00 4.389978096643787353e+00
4.051262542941542932e+01 3.926378495997695506e+00 1.430303025177729381e+01
5.211286834330736895e+01 1.375598455824972355e+01 -1.720427105611044283e-01
5.941043927636555111e+01 9.227501890010092467e-01 1.293349138444648361e+01
4.660728974308909045e+01 1.136458480767982238e+01 5.664308003541607128e+00
5.431526025652910050e+01 1.135854055317780897e+01 1.099583887114254921e+01
5.503580592841760222e+01 -1.556806830892876192e+00 6.474942059712662790e+00
5.058717699572295601e+01 1.432392657928366297e+01 6.882555838134529758e+00
5.336588311604421619e+01 1.099906213276152833e+01 9.818363326963531534e+00
5.706326078837511773e+01 1.215926648423620904e+01 1.306904104585899873e+01
5.193792088676040919e+01 1.092637509209887270e+01 1.124481950925433438e+01
4.881184448535775289e+01 1.463833635037975434e+01 -1.512685681461434228e+00
4.165039963836065340e+01 5.779260886589726809e+00 1.346158001306373464e+01
4.963828104307170008e+01 7.091638873282235522e-01 1.169235483808373033e+01
5.730693243198481923e+01 4.483748550141553046e+00 1.000478108100648633e+01
5.874274312939242293e+01 1.242200613501581685e+01 1.053330651236294990e+01
5.588673247487724893e+01 -1.796197434527080361e-01 8.880461737463928529e+00
4.670460369137133227e+01 4.849314628449342024e+00 1.463728137641652260e+01
4.504290431288684005e+01 -8.890030920371549961e-01 1.040995087039125977e+01
5.027347470669666052e+01 1.367739113847010657e+01 -1.599891213925008771e+00
5.950442979390203391e+01 1.408641058788512268e+01 1.402523693242865299e+01
4.270115015109609402e+01 9.944261438175560741e+00 6.310377113145426264e+00
5.377026396221509685e+01 4.283918848121293088e+00 1.113694723451132873e+01
4.940237858730978360e+01 7.767155773946655017e+00 4.645458120075574016e+00
5.117504618577547149e+01 -1.114676223580302050e+00 9.372064903036347872e+00
5.827213945931401895e+01 1.479984485878010858e+01 1.430327426995421369e+01
5.435236194257834086e+01 2.821766751925913752e-02 7.524832502349187990e+00
4.453083521277101653e+01 9.222894125273716881e+00 -7.927863711574945071e-01
5.560113278391074232e+01 9.421809101841427392e+00 1.038555989774860855e+01
4.020765874193990896e+01 1.435798808160707019e+01 1.446842668279317934e+01
5.724880237358917157e+01 1.078138088346175572e+01 6.663701234385710492e+00
5.625457260852877539e+01 3.706813842420608740e+00 5.959345055233256083e+00
4.243610161761768751e+01 1.173591429700815425e+01 5.778920613259408867e+00
5.657013227285816015e+01 2.087942291733424494e+00 7.722782905804570497e+00
4.144386632556864924e+01 1.443349124776826997e+01 -1.963343407254258821e+00
4.295307458437260095e+01 3.746047527765694607e+00 1.129027846417520742e+01
5.380727625581661755e+01 8.673747937413267550e+00 1.426199354514403694e+01
4.502849872221998595e+01 1.818929580694350623e+00 9.477601227550458418e+00
4.780297095847966204e+01 -5.784550437930580102e-01 1.469285020776479556e+01
4.941466546751738065e+01 -1.400639416784310587e+00 1.262227697764477519e+01
4.346247083146888457e+01 5.900030031854130996e+00 2.389720631834091336e+00
4.394285925812745575e+01 9.430739336207416557e+00 9.558354884857788392e+00
5.509284983457020246e+01 -9.967513311838760437e-01 3.023439373021696852e+00
4.960573172185591773e+01 3.469543730047541796e+00 6.787424082340676179e-01
4.716365887864066053e+01 3.064287892099115673e+00 1.145646001292029936e+01
4.141191685790108323e+01 8.236146092199941648e+00 7.487563573758071911e+00
