2.663319141341492369e+01 1.084947022501254743e+00 -7.505521773680676745e-01
5.660453179501349297e+01 2.063190667243883425e+01 2.227882084771666626e+01
2.478827349479606568e+01 1.744644346847214322e+01 1.568173938713716353e+01
3.639651569618141735e+01 1.630725712256842286e+01 1.132393622510960185e+01
3.926848096849886360e+01 2.851882505789084732e+01 3.631972600487534919e+01
5.532088219167111021e+01 1.682829555271367639e+01 9.895565689930958087e+00
6.439814332692476739e+01 2.480089364280429720e+01 1.143417070993670848e+01
2.625356787950250492e+01 3.486429730024680396e+01 1.666134163613143215e+01
6.300906723987958458e+01 2.673363528025501168e+01 8.855690595808876964e+00
3.903606550038492173e+01 1.934043244988708921e+01 1.268797720204091206e+00
1.144849421643002962e+01 2.095657361364487770e+01 2.865054827467865550e+00
5.832319640595364518e+01 -1.654840977711244054e+00 5.608115775362197297e+00
3.841842180777951654e+01 1.203001073498408502e+01 -6.981786818949425211e+00
4.222183363333925143e+01 3.005944259885540859e+01 6.392160930732242008e+00
2.559615957293762634e+01 2.394408079823032764e+01 2.516710247742160078e+01
7.272410351985357124e+01 3.360872618779524146e+01 6.627589659854955073e+00
4.471421480434609208e+01 3.415933391989770485e+01 6.346966457036671727e+00
7.737802202248548156e+01 1.105781878093754855e+01 1.235705908700864342e+01
2.072840461137565882e+01 1.492159573361742275e+01 -4.606659597486574498e+00
6.062608453022520649e+01 4.752188719667733707e+00 1.404607908974236352e+01
2.200528074796335432e+01 1.043168018385986606e+01 1.394302448265307248e+01
6.922413370705993430e+01 4.401103799892586821e+00 1.242284407872500651e+01
2.381284082574962113e+01 3.842469905872471614e+00 5.859314182624164147e+00
3.848860588813629846e+01 2.534366799297286121e+01 1.984613202230861617e+01
5.885916983118006840e+01 3.961991237542231659e+01 1.219936027072358442e+01
6.716004990676574948e+01 2.845329106685911214e+01 6.598636285710163918e+00
3.589463683892698498e+01 8.165100446926659927e+00 8.996837771067319522e+00
5.100074245063772338e+01 1.088911000535652107e+01 1.098209865303299893e+01
7.032915117978587816e+00 1.788044153860071006e+01 2.232591294157131756e+00
7.326938050033975003e+01 1.916883375556487934e+01 1.031847690503102299e+01
4.929941289940491345e+01 1.950006201422508667e+01 1.577073474738052283e+01
4.156399928570843372e+01 1.013879831623474281e+01 1.793915854241647878e+01
1.706575319331787455e+01 4.394058378257460262e+00 -2.003949571235644100e+00
2.268125396990381404e+01 3.660604448115569198e+01 2.053679534694871478e+01
2.090093624572572040e+01 3.334326552026595891e+01 1.577974020297734370e+01
4.575217907922328919e+01 3.427640607840133669e+01 1.597607915741417628e+01
2.102207742194810081e+01 3.868638157900983288e+01 2.084174022839049911e+01
3.964214577996688149e+01 5.344666080511208506e+00 6.364464384047408885e+00
5.794720349106840729e+01 1.985327630149370037e+01 -9.789662108587755540e-01
1.626467532886274014e+01 5.791115522467615406e+00 -1.702599232455010991e+00
5.898018158382857479e+01 3.946756107568495509e+01 1.603524740319944186e+01
2.473544174115593464e+01 3.233874608502586057e+01 1.995597077160891075e+01
6.263984773602805234e+01 8.573789326554551948e+00 4.777865026959247530e+00
7.236690948269378865e+00 5.661111084700225504e+00 -1.438526481836007065e+00
6.405769069866553878e+01 7.441095917224048506e+00 9.241205086340151809e-01
1.227288067938710725e+01 2.129924368119038292e+01 8.483712158026850858e+00
1.464054163235563166e+01 1.440287775529038328e+01 8.585119962074067246e+00
4.412961779812255259e+01 1.019422780796189976e+00 1.681814987616730406e+01
5.383906789712152374e+01 4.101169238064298384e+01 1.798849961382558149e+01
2.829901720161611678e+01 1.196287528136240752e+01 -1.139845045575676608e+01
7.419522220512969568e+01 3.261928967144736191e+01 8.472448984397832561e+00
8.613913786906371683e+01 5.135097550290581125e+00 4.123274433805239170e+00
6.403007008381403864e+01 2.972948556766299433e+01 1.382805231056494222e+01
3.201121611874412309e+01 2.949981621557623512e+01 2.925989795165964580e+01
2.900388456133433124e+01 8.848911853030140051e+00 1.040161167294452227e+01
3.793346867355728591e+01 2.744197481017767259e+01 3.856083877180733310e+00
3.742278694306966713e+01 3.164881840020939308e+00 9.819115919331430575e+00
2.773332673472522814e+01 3.397502861948866837e+01 2.054598686798316720e+01
2.786145002008503013e+01 3.438654200123193050e+01 2.719018763974462871e+01
5.959090242177215657e+01 3.096824953914430623e+01 1.532560101300538946e+01
7.902208450646756255e+00 3.316649547585926783e+00 4.815246949272665944e+00
4.166767154079004598e+01 2.077997019981146565e+01 -7.022928566431522412e+00
6.406136121122544580e+01 9.086555056256360174e-01 1.066716495812833898e+01
4.228957679140320636e+01 2.145839979753422000e+01 3.017101348716447973e+00
5.362702957154700556e+01 9.368009252663346942e+00 1.145926381857159271e+01
4.332639839829406014e+01 3.265702213291059763e+01 1.894578301597947956e+01
6.153210546281309234e+01 2.031473236892261447e+00 1.297614068417057709e+01
5.821285512219731118e+01 1.244459662906896114e+01 1.057773666150110969e+01
5.665203165746105185e+01 1.677474897902095563e+01 1.507025059670686318e+01
6.639022951338827738e+01 1.139562786987569254e+01 5.488313423820663672e+00
5.524629178277994868e+01 2.181230206652526604e+01 2.646310403736899985e+01
4.059681794651000786e+01 7.415257537135245158e+00 1.879716848985092525e+01
4.998578029541803858e+01 3.331560337494805424e+01 7.655050555408777768e-01
3.565758952934357495e+01 1.712396112241375690e+01 1.324466326725811882e+01
5.763832324191289302e+01 5.785347132982403551e-01 1.031024180046046013e+00
6.194807626311493465e+01 1.151993187455795464e+01 2.170273123226777301e+01
4.249156832669483919e+01 2.708814482255248279e+01 2.428674713416572928e+01
2.184895963953531961e+01 8.914509266185088876e+00 1.577116364666322568e+01
7.670845302091930762e+01 8.174474358678857300e+00 3.128496943716911005e+00
2.691842035399356803e+01 4.007739628000435061e+01 2.567036288978983549e+01
4.951193752545215432e+01 1.085942152561984742e+01 -3.688626477129243852e+00
